n	t		maxV		t*maxV		energy
0	0.000000	317539531.510656	0.012797	2399576.969671
1	0.000000	16070305.623149	0.034595	1830101.520543
2	0.000000	1186544.499870	0.081820	1417551.231139
3	0.000000	1833856.634273	0.070699	1337844.272624
4	0.000001	127012.355070	0.129434	1111457.417949
5	0.000000	452278.060150	0.110471	1064411.701345
6	0.000000	438506.011809	0.110255	1034323.187981
7	0.000004	38468.764469	0.138067	964732.956057
8	0.000001	167049.670823	0.153110	941191.844735
9	0.000001	152406.279235	0.161451	920312.160568
10	0.000006	16473.004916	0.103255	893327.665837
11	0.000006	19063.983238	0.113005	875725.023710
12	0.000003	53748.687902	0.177959	866992.731068
13	0.000005	23455.487615	0.122416	858518.301810
14	0.000003	40487.619264	0.130444	855326.781549
15	0.000007	12761.588493	0.093054	851209.905076
16	0.000008	9749.563710	0.081693	848669.433520
17	0.000008	10724.311877	0.090974	846709.748741
18	0.000009	7965.642382	0.073286	845245.629403
19	0.000013	4843.476576	0.062833	844151.952498
20	0.000014	2883.982516	0.041060	843321.136428
21	0.000016	1694.129030	0.026416	842699.667181
22	0.000016	1859.875034	0.030264	842121.114674
23	0.000016	2144.434771	0.034499	841582.142370
24	0.000018	1484.590451	0.026774	841130.224044
25	0.000018	1147.848068	0.020342	840763.537738
26	0.000018	1194.457447	0.021846	840443.350454
27	0.000018	1149.671358	0.020376	840167.102650
28	0.000019	1143.936875	0.021767	839924.429938
29	0.000018	1018.563914	0.018068	839724.246497
30	0.000017	813.732310	0.014046	839581.108075
n	t		maxV		t*maxV		energy
0	0.000000	2197496770.796758	0.006715	2844298.385030
1	0.000000	111483446.498248	0.018138	2117879.622000
2	0.000000	5333498.479374	0.049732	1638356.762302
3	0.000000	3458113.319836	0.057716	1521304.664186
4	0.000000	261790.064857	0.123458	1204678.348542
5	0.000000	1909934.554692	0.071184	1169677.651881
6	0.000001	144165.518192	0.074115	1091448.953664
7	0.000000	406992.445218	0.110373	1059264.410462
8	0.000001	124949.584607	0.092412	1024390.232502
9	0.000000	475594.508321	0.108736	979481.225867
10	0.000004	43309.799578	0.152687	943675.769248
11	0.000001	168988.583123	0.109107	928850.729001
12	0.000002	67894.497433	0.102353	911983.785887
13	0.000001	138489.840157	0.116717	899556.805443
n	t		maxV		t*maxV		energy
0	0.000000	233606492.403714	0.014175	2283082.224920
1	0.000000	10740899.681768	0.039570	1770906.326990
2	0.000000	1848079.527615	0.069997	1499004.245813
3	0.000000	4066727.346895	0.052370	1412745.042390
4	0.000000	215455.561245	0.099238	1209083.661594
5	0.000000	1300410.309227	0.077547	1154177.693400
6	0.000001	89565.147844	0.105697	1069401.712903
7	0.000000	366572.180901	0.115263	1029247.760387
8	0.000002	50007.405920	0.106391	983251.960276
9	0.000002	80645.520416	0.193215	944954.448091
10	0.000001	194877.215373	0.151255	926778.386113
11	0.000004	58450.979957	0.221764	904355.580640
12	0.000003	51685.144255	0.140107	893645.123546
13	0.000004	50888.102084	0.204647	883167.645172
14	0.000000	122181.469653	0.059583	879992.969684
15	0.000004	31910.177256	0.139225	870503.962908
16	0.000003	33045.954384	0.094615	866018.255520
17	0.000005	19564.098844	0.098806	861034.065754
18	0.000007	20310.452331	0.138688	856492.970385
19	0.000007	15900.512304	0.108482	852756.330888
20	0.000006	18025.324843	0.103352	849926.916330
21	0.000010	6445.203376	0.062046	847483.536620
22	0.000013	2862.585007	0.037594	845868.815301
23	0.000013	3023.871937	0.039321	844492.709153
24	0.000013	2680.570474	0.035180	843407.434328
25	0.000014	1940.787201	0.027769	842612.940855
26	0.000017	1415.109381	0.023817	841963.720930
27	0.000016	1366.252086	0.022084	841467.413245
28	0.000017	1367.550993	0.023184	841036.398236
29	0.000018	1238.147374	0.022152	840669.633347
30	0.000017	959.194805	0.016286	840378.872920
n	t		maxV		t*maxV		energy
0	0.000000	256230021.201910	0.013746	2125048.076130
1	0.000000	11264830.313464	0.038947	1733676.902866
2	0.000000	623124.639698	0.062417	1353026.079136
3	0.000000	1253889.974520	0.079721	1277465.774095
4	0.000000	589083.051067	0.103027	1207175.655858
5	0.000000	622660.486663	0.068422	1173144.493967
6	0.000000	686326.648593	0.101358	1093296.309976
7	0.000000	273786.162005	0.133939	1060435.862769
8	0.000003	77831.291275	0.200764	974973.059874
9	0.000001	98565.727316	0.143978	950548.311553
10	0.000000	287207.048399	0.129737	922629.862032
11	0.000004	31122.809031	0.138267	900832.312806
12	0.000001	139415.860275	0.157181	888673.814750
13	0.000000	295162.285919	0.085240	882068.710575
14	0.000001	95861.675253	0.091828	875684.177760
15	0.000003	48162.013401	0.155337	868246.712834
16	0.000005	26473.902085	0.131611	862146.738075
17	0.000008	18134.590398	0.140053	856228.479288
18	0.000006	19034.039735	0.113246	852987.499643
19	0.000007	18227.203919	0.125565	850440.045703
20	0.000008	10575.680341	0.083501	848453.302206
21	0.000010	7183.095735	0.074208	846652.889827
22	0.000012	4981.823211	0.059482	845126.884478
23	0.000013	4304.824962	0.055659	843926.274804
24	0.000013	3421.393715	0.043846	843021.992855
25	0.000014	2605.359523	0.037482	842231.511108
26	0.000015	2092.948395	0.030389	841592.672113
27	0.000016	1556.209418	0.024830	841128.127702
28	0.000017	1178.080112	0.019956	840761.607076
29	0.000017	875.206037	0.014985	840479.862650
30	0.000019	860.940850	0.016395	840219.138787
n	t		maxV		t*maxV		energy
0	0.000000	325277949.854624	0.012695	2136269.826799
1	0.000000	16383788.358801	0.034377	1733885.993162
2	0.000000	843940.020881	0.067977	1364307.008416
3	0.000000	2159115.558454	0.066266	1302171.490990
4	0.000001	129400.100304	0.140767	1109350.488833
5	0.000000	1454694.607124	0.072136	1064263.002574
6	0.000001	256208.470114	0.136947	1019042.578484
7	0.000002	86143.130142	0.193090	960861.348066
8	0.000007	25487.816619	0.167130	912454.769863
9	0.000000	217642.621342	0.088067	903971.907192
10	0.000004	38228.481725	0.150939	882464.487567
11	0.000005	30866.799649	0.153835	870201.790426
12	0.000003	44507.791271	0.148766	864055.120331
13	0.000007	18904.176418	0.126882	856993.377411
14	0.000006	13762.810201	0.085289	853364.129980
15	0.000007	9912.406980	0.071973	850139.960720
16	0.000009	7568.802405	0.068186	847634.650699
17	0.000010	8720.911792	0.088600	845809.734381
18	0.000011	4515.414238	0.050528	844440.094397
19	0.000012	4075.213455	0.049378	843416.623662
20	0.000013	3457.243146	0.045682	842586.942199
21	0.000014	2176.642682	0.030848	841913.910923
22	0.000014	1825.974867	0.025779	841390.871729
23	0.000017	1331.715679	0.021996	840964.030773
24	0.000016	1349.140528	0.022222	840628.675890
25	0.000017	1199.603867	0.020814	840349.411432
26	0.000018	1273.940437	0.022344	840097.680260
27	0.000018	1156.424487	0.020457	839893.554368
28	0.000019	1036.794549	0.019412	839713.265082
29	0.000019	871.538788	0.016816	839557.923530
30	0.000020	705.392723	0.013941	839425.555993
n	t		maxV		t*maxV		energy
0	0.000000	1041136441.402723	0.006837	2698093.525286
1	0.000000	31886377.217302	0.021855	1984589.154821
2	0.000000	1063557.289267	0.045214	1486939.568791
3	0.000000	1927595.573267	0.024291	1436739.643517
4	0.000000	913346.280709	0.071603	1310328.166392
5	0.000001	111982.874703	0.143506	1087392.360217
6	0.000001	110885.998486	0.071147	1044423.981182
7	0.000001	171884.436888	0.125624	991876.154121
8	0.000002	71419.048715	0.114409	959266.446579
9	0.000001	81695.755720	0.116443	932236.482475
10	0.000003	48633.982261	0.145141	907829.881782
11	0.000000	150654.197140	0.023722	902171.224588
12	0.000002	54086.702615	0.114595	892039.976897
13	0.000003	38408.003810	0.134252	880526.651316
14	0.000001	52642.454469	0.050127	876163.292242
15	0.000002	28820.266005	0.063552	870305.787006
16	0.000004	18759.596023	0.083389	863418.929780
17	0.000003	18767.537652	0.064573	860245.055463
18	0.000004	16231.308781	0.059856	857451.254282
19	0.000004	14323.556666	0.059776	854871.729440
20	0.000007	9811.163132	0.069747	852211.091946
21	0.000007	7856.054011	0.054312	850325.248907
22	0.000009	6014.629835	0.053290	848482.200296
23	0.000011	4346.862664	0.045751	846981.248445
24	0.000011	3798.265731	0.043575	845566.126620
25	0.000014	2523.899682	0.035380	844375.746068
26	0.000015	2236.509824	0.033055	843381.680296
27	0.000016	1830.287044	0.029444	842485.673637
28	0.000016	1689.833453	0.026460	841738.590564
29	0.000016	1488.420943	0.023271	841176.200518
30	0.000016	1488.599592	0.023478	840715.663848
n	t		maxV		t*maxV		energy
0	0.000000	314858649.078684	0.010186	503967.598275
1	0.000000	1181255.450515	0.065621	372719.517242
2	0.000001	67805.429377	0.101616	291093.798293
3	0.000002	36853.164173	0.056853	274363.551839
4	0.000002	91510.545563	0.153612	255173.223544
5	0.000005	22865.956335	0.115512	243845.446237
6	0.000012	18632.272371	0.230446	231174.641694
7	0.000010	14577.457462	0.139595	226077.171101
8	0.000004	18111.201030	0.064514	223414.493619
9	0.000011	11104.054806	0.123828	220086.906275
10	0.000008	8392.840244	0.063423	218201.160275
11	0.000018	8082.180831	0.145721	215911.484494
12	0.000023	4945.668593	0.113261	214445.375473
13	0.000024	2587.589014	0.062834	213500.954062
14	0.000026	2367.477480	0.062553	212697.739140
15	0.000036	1506.680481	0.054588	212030.062217
16	0.000042	1190.464881	0.049582	211568.744422
17	0.000045	1042.158917	0.046965	211239.174861
18	0.000046	799.704503	0.036629	210979.455365
19	0.000049	831.604092	0.040622	210777.421831
20	0.000053	734.111601	0.039151	210613.853779
21	0.000058	647.709489	0.037413	210464.071236
22	0.000055	654.357949	0.035986	210354.384387
23	0.000063	627.590921	0.039772	210265.885656
24	0.000066	616.232390	0.040884	210186.908186
25	0.000070	577.742442	0.040225	210120.627390
26	0.000066	570.373877	0.037722	210071.254431
27	0.000072	563.368203	0.040373	210033.964938
28	0.000080	564.267934	0.044916	209994.164858
29	0.000072	565.198454	0.040625	209954.268129
30	0.000076	557.928710	0.042241	209916.241318
n	t		maxV		t*maxV		energy
0	0.000000	15018636.940130	0.028086	445649.680764
1	0.000000	460362.492410	0.089756	341393.322066
2	0.000000	375092.916387	0.062950	325726.185949
3	0.000002	67367.871969	0.161637	278779.661721
4	0.000002	95988.702575	0.152078	262909.010015
5	0.000010	12132.299734	0.125694	244880.885674
6	0.000010	22284.208043	0.215727	231903.401111
7	0.000015	15753.210106	0.237033	224188.831481
8	0.000014	7563.104151	0.106716	219751.068775
9	0.000018	4497.879594	0.078939	217348.967680
10	0.000020	5027.640406	0.099156	215569.920512
11	0.000019	4368.993751	0.083483	214475.551169
12	0.000022	3051.970104	0.066781	213513.853566
13	0.000032	2301.573647	0.074519	212672.477152
14	0.000045	1534.222628	0.068611	212034.424743
15	0.000049	1184.766587	0.058530	211510.863533
16	0.000049	954.366896	0.047051	211080.827747
17	0.000057	866.713539	0.049699	210739.259206
18	0.000060	706.364263	0.042527	210490.475330
19	0.000059	699.469551	0.041413	210311.249868
20	0.000067	599.837919	0.040148	210182.405848
21	0.000066	593.768754	0.039373	210084.025113
22	0.000062	580.605471	0.035850	210016.179530
23	0.000065	570.089117	0.036873	209965.882139
24	0.000068	559.320162	0.038170	209930.848541
25	0.000075	560.858912	0.042182	209901.948728
26	0.000077	560.576897	0.043220	209875.079732
27	0.000070	561.836270	0.039567	209853.963636
28	0.000078	559.378106	0.043371	209836.991126
29	0.000080	558.718013	0.044682	209821.388695
30	0.000079	558.780632	0.044102	209806.632550
31	0.000078	558.632998	0.043550	209793.611218
32	0.000081	557.389878	0.045197	209781.732506
33	0.000082	560.574829	0.046163	209771.010506
34	0.000079	557.287779	0.044262	209760.847804
35	0.000086	558.284078	0.047812	209749.969702
36	0.000083	557.469296	0.046294	209739.481676
37	0.000082	560.073652	0.045805	209729.933348
38	0.000082	559.468699	0.045676	209720.972482
39	0.000086	561.598205	0.048381	209711.623693
40	0.000090	559.285876	0.050247	209700.560972
41	0.000081	557.315506	0.045030	209689.474835
42	0.000080	556.125614	0.044509	209679.711903
43	0.000076	556.646038	0.042393	209671.565447
44	0.000086	556.335028	0.047809	209663.219312
45	0.000087	556.690918	0.048603	209653.397371
46	0.000085	556.359655	0.047363	209642.430815
47	0.000080	558.910357	0.044787	209630.418106
48	0.000081	558.394169	0.045417	209618.747330
49	0.000070	562.784149	0.039374	209608.278113
50	0.000079	559.952092	0.044212	209598.846367
51	0.000069	559.070900	0.038803	209591.511080
52	0.000079	557.762519	0.044187	209585.269386
53	0.000079	555.827335	0.043905	209580.115272
54	0.000082	557.475167	0.045796	209575.378190
55	0.000081	555.415453	0.044900	209571.616053
56	0.000079	555.275587	0.044131	209568.404343
57	0.000090	555.659324	0.049764	209565.322611
58	0.000086	555.890262	0.047860	209562.218207
59	0.000089	556.205740	0.049496	209559.148533
60	0.000086	556.438359	0.048033	209556.104802
61	0.000085	556.257386	0.047255	209553.049950
62	0.000082	555.670609	0.045417	209550.186290
63	0.000082	555.537587	0.045328	209547.540129
64	0.000080	555.336420	0.044441	209545.426627
65	0.000081	555.326552	0.045053	209543.555204
66	0.000086	555.398065	0.047601	209541.997442
67	0.000081	555.547865	0.045038	209540.656955
68	0.000097	555.711237	0.054097	209539.294699
69	0.000087	555.948365	0.048526	209537.896486
70	0.000092	556.190494	0.051374	209536.414949
71	0.000081	556.364505	0.045260	209535.091100
72	0.000092	556.239129	0.050986	209533.702065
73	0.000092	556.134243	0.051020	209532.302611
74	0.000092	556.169985	0.051369	209530.628231
75	0.000096	556.211996	0.053473	209528.800375
76	0.000080	556.238662	0.044324	209527.051598
77	0.000092	556.276711	0.051374	209525.361016
78	0.000079	556.342363	0.043820	209523.911958
79	0.000092	556.152673	0.051412	209522.392112
80	0.000091	556.107735	0.050811	209520.769848
81	0.000082	556.204001	0.045717	209519.057113
82	0.000089	556.008402	0.049742	209517.486901
83	0.000077	555.731087	0.043038	209516.141603
84	0.000094	555.469999	0.051984	209514.843953
85	0.000081	555.421737	0.044737	209513.742610
86	0.000085	555.195299	0.047230	209512.737519
87	0.000082	555.068894	0.045368	209511.964131
88	0.000087	555.111381	0.048258	209511.247550
89	0.000092	555.149423	0.050927	209510.578927
90	0.000088	555.059510	0.048929	209509.920717
91	0.000088	554.991201	0.048616	209509.338992
92	0.000091	554.860461	0.050264	209508.759423
93	0.000096	554.837524	0.053175	209508.138420
94	0.000093	554.719102	0.051466	209507.437468
95	0.000094	554.813089	0.052342	209506.709832
96	0.000087	554.734334	0.048220	209505.976345
97	0.000099	554.906463	0.055010	209505.157775
98	0.000087	554.652200	0.048320	209504.285975
99	0.000093	554.885918	0.051427	209503.328391
100	0.000085	554.542065	0.047023	209502.404340
n	t		maxV		t*maxV		energy
0	0.000000	55633986.680029	0.018152	457439.961297
1	0.000000	1598162.422774	0.059316	383578.996352
2	0.000000	241239.977978	0.111697	323797.688705
3	0.000005	19276.140209	0.093723	271562.510270
4	0.000002	77334.226692	0.127780	258566.979394
5	0.000007	15454.660210	0.113938	240556.373320
6	0.000012	10458.710526	0.130003	229147.115053
7	0.000008	11576.442643	0.098125	223906.900873
8	0.000018	6594.465296	0.117655	219223.033020
9	0.000014	6787.446227	0.092300	217178.401593
10	0.000015	5458.573442	0.081376	215576.827361
11	0.000025	3848.805147	0.096703	214226.679918
12	0.000032	2899.938217	0.093546	213193.539364
13	0.000037	1807.260818	0.066322	212432.172036
14	0.000036	1843.096659	0.066350	211967.244547
15	0.000040	1736.900935	0.068684	211597.076007
16	0.000047	1453.047252	0.067877	211247.162802
17	0.000051	1019.136545	0.052308	210937.793691
18	0.000061	792.196594	0.048050	210700.854354
19	0.000063	669.035038	0.042209	210527.873988
20	0.000058	628.752551	0.036498	210392.332627
21	0.000062	637.947647	0.039675	210284.157657
22	0.000064	596.505324	0.038231	210201.798799
23	0.000064	575.990770	0.036828	210140.233293
24	0.000065	582.433732	0.037776	210092.721239
25	0.000068	568.207667	0.038409	210055.368330
26	0.000076	559.681829	0.042715	210016.843430
27	0.000078	560.557220	0.043476	209976.515730
28	0.000076	561.591213	0.042688	209940.713778
29	0.000071	565.447412	0.040252	209912.603882
30	0.000075	560.554938	0.042141	209889.070499
31	0.000080	560.612962	0.045034	209866.909307
32	0.000076	559.229985	0.042338	209848.829579
33	0.000075	561.075447	0.042043	209832.956758
34	0.000072	565.518357	0.040442	209818.979462
35	0.000072	564.589558	0.040578	209806.494334
36	0.000078	559.948764	0.043819	209795.768872
37	0.000077	557.840949	0.042720	209786.352614
38	0.000088	559.154641	0.049051	209776.780984
39	0.000080	557.375264	0.044628	209767.262461
40	0.000083	558.897597	0.046502	209757.630097
41	0.000080	560.272188	0.044959	209747.940389
42	0.000085	556.366545	0.047496	209738.100402
43	0.000081	557.889332	0.045183	209728.555899
44	0.000085	558.093294	0.047368	209718.801639
45	0.000078	557.796306	0.043642	209709.977561
46	0.000081	555.848596	0.044868	209702.199250
47	0.000084	556.333416	0.046582	209694.940531
48	0.000089	556.644126	0.049738	209687.014137
49	0.000083	557.171892	0.046406	209679.178771
50	0.000086	556.820100	0.047623	209671.180423
51	0.000085	556.989519	0.047141	209663.135831
52	0.000083	556.492135	0.046106	209654.688354
53	0.000081	557.114477	0.044882	209646.719461
54	0.000072	556.596145	0.040304	209640.202683
55	0.000085	556.061088	0.047345	209634.273843
56	0.000078	556.016756	0.043570	209628.957146
57	0.000089	555.582310	0.049654	209623.179695
58	0.000080	556.117442	0.044722	209617.651422
59	0.000085	557.384949	0.047554	209611.574208
60	0.000082	555.980990	0.045452	209605.877198
61	0.000082	556.851903	0.045413	209599.911120
62	0.000085	557.652128	0.047523	209593.567158
63	0.000077	558.575582	0.042775	209587.261565
64	0.000078	558.197886	0.043816	209581.607268
65	0.000077	558.097250	0.042773	209576.753863
66	0.000082	558.053900	0.046017	209572.412327
67	0.000081	557.862616	0.045446	209568.659418
68	0.000086	557.808680	0.047738	209565.110356
69	0.000094	557.744583	0.052403	209561.430684
70	0.000085	557.822203	0.047345	209557.941390
71	0.000083	558.007518	0.046397	209554.901401
72	0.000084	557.971455	0.046748	209552.345313
73	0.000088	557.971420	0.049252	209549.814444
74	0.000087	557.741509	0.048461	209547.448521
75	0.000082	557.724248	0.045795	209545.266798
76	0.000086	557.757451	0.047732	209543.196767
77	0.000080	557.532819	0.044721	209541.357589
78	0.000086	557.548812	0.047700	209539.547909
79	0.000083	557.248234	0.046061	209537.831364
80	0.000086	557.004994	0.047969	209536.024862
81	0.000084	556.973447	0.046943	209534.218532
82	0.000079	556.811368	0.043868	209532.540986
83	0.000080	556.861299	0.044383	209531.181153
84	0.000081	556.898698	0.045247	209529.956228
85	0.000090	556.924088	0.049893	209528.738073
86	0.000088	556.795746	0.049035	209527.448032
87	0.000093	556.765492	0.051599	209526.014138
88	0.000088	556.842002	0.049097	209524.512431
89	0.000093	556.922108	0.051722	209522.727088
90	0.000089	556.874041	0.049527	209520.774579
91	0.000083	556.828240	0.046062	209518.759754
92	0.000084	556.751361	0.046495	209516.922056
93	0.000080	556.636707	0.044306	209515.235068
94	0.000088	556.852467	0.049219	209513.579001
95	0.000080	556.987802	0.044685	209512.098123
96	0.000090	556.796645	0.049977	209510.564428
97	0.000086	556.539704	0.047938	209509.061675
98	0.000086	556.422933	0.047666	209507.474474
99	0.000086	556.480276	0.047640	209506.012213
100	0.000080	556.574324	0.044546	209504.673692
101	0.000091	556.653068	0.050827	209503.359673
102	0.000081	556.740756	0.045034	209502.162153
103	0.000094	556.763551	0.052491	209500.884921
104	0.000082	556.850731	0.045779	209499.750087
105	0.000087	556.934486	0.048552	209498.591371
106	0.000083	556.889919	0.046411	209497.592236
107	0.000081	556.867733	0.045065	209496.607681
108	0.000085	556.748550	0.047577	209495.722726
109	0.000076	556.582462	0.042060	209494.904007
110	0.000087	556.426945	0.048544	209494.133191
111	0.000077	556.334425	0.043100	209493.408506
112	0.000091	556.350220	0.050574	209492.670505
113	0.000081	556.434347	0.045070	209492.003976
114	0.000085	556.505410	0.047249	209491.369791
115	0.000082	556.669033	0.045550	209490.852876
116	0.000084	556.695158	0.046861	209490.362270
117	0.000085	556.785503	0.047433	209489.930779
118	0.000080	556.779811	0.044661	209489.541481
119	0.000081	556.818621	0.045234	209489.210929
120	0.000078	556.814407	0.043640	209488.927600
121	0.000080	556.822368	0.044734	209488.688726
122	0.000080	556.814116	0.044353	209488.479946
123	0.000079	556.869829	0.043846	209488.309201
124	0.000078	556.788276	0.043601	209488.169806
125	0.000084	556.751886	0.046929	209488.049503
126	0.000083	556.694471	0.046009	209487.940261
127	0.000088	556.720517	0.048888	209487.839301
128	0.000081	556.755198	0.045223	209487.751987
129	0.000088	556.808563	0.048752	209487.671988
130	0.000081	556.793838	0.045267	209487.605342
131	0.000086	556.803219	0.047766	209487.543787
132	0.000082	556.787457	0.045449	209487.493534
133	0.000082	556.805606	0.045535	209487.449412
134	0.000082	556.795346	0.045803	209487.413869
135	0.000084	556.821729	0.047035	209487.380984
136	0.000092	556.849125	0.051506	209487.346778
137	0.000084	556.877015	0.047035	209487.312800
138	0.000088	556.894329	0.048814	209487.279401
139	0.000082	556.922333	0.045894	209487.248592
140	0.000085	556.942908	0.047598	209487.219201
141	0.000083	556.963026	0.046335	209487.193115
142	0.000087	556.975268	0.048220	209487.168229
143	0.000088	557.019690	0.049104	209487.144544
144	0.000090	557.051389	0.050360	209487.120262
145	0.000092	557.102995	0.051284	209487.094985
146	0.000091	557.131733	0.050779	209487.068698
147	0.000093	557.171519	0.051812	209487.040506
148	0.000095	557.197725	0.052820	209487.009326
149	0.000094	557.228159	0.052475	209486.973848
150	0.000098	557.298268	0.054743	209486.931054
151	0.000092	557.383199	0.051367	209486.880554
152	0.000096	557.440377	0.053711	209486.817892
153	0.000086	557.515003	0.047731	209486.748021
154	0.000091	557.581927	0.050663	209486.669817
155	0.000084	557.666422	0.046702	209486.590972
156	0.000099	557.679709	0.054986	209486.491208
157	0.000089	557.736490	0.049422	209486.376602
158	0.000088	557.795618	0.049259	209486.240661
159	0.000082	557.869784	0.045957	209486.115828
160	0.000072	557.875444	0.040027	209486.010027
161	0.000082	557.904404	0.045913	209485.929599
162	0.000071	557.864590	0.039620	209485.862696
163	0.000092	557.830981	0.051241	209485.803555
164	0.000076	557.747145	0.042480	209485.749687
165	0.000096	557.716816	0.053644	209485.695138
166	0.000079	557.659325	0.044110	209485.645168
167	0.000093	557.599192	0.051755	209485.594945
168	0.000082	557.555070	0.045963	209485.549448
169	0.000094	557.544803	0.052153	209485.501040
170	0.000084	557.563178	0.047092	209485.456089
171	0.000091	557.568973	0.050952	209485.408668
172	0.000083	557.586353	0.046041	209485.366035
173	0.000087	557.617929	0.048682	209485.324224
174	0.000081	557.607307	0.045317	209485.288285
175	0.000087	557.638956	0.048783	209485.253111
176	0.000083	557.651754	0.046143	209485.222289
177	0.000084	557.689230	0.046949	209485.193338
178	0.000083	557.688555	0.046101	209485.169214
179	0.000084	557.705372	0.046802	209485.146556
180	0.000085	557.708819	0.047511	209485.127057
181	0.000084	557.710765	0.046654	209485.108728
182	0.000087	557.691777	0.048518	209485.092364
183	0.000085	557.690449	0.047582	209485.076627
184	0.000091	557.676597	0.050865	209485.061026
185	0.000087	557.669973	0.048732	209485.045223
186	0.000089	557.651192	0.049522	209485.029869
187	0.000084	557.642549	0.047077	209485.015487
188	0.000085	557.643720	0.047198	209485.002777
189	0.000083	557.625263	0.046443	209484.991447
190	0.000084	557.624891	0.047026	209484.981605
191	0.000083	557.625000	0.046274	209484.972830
192	0.000084	557.632979	0.047021	209484.965231
193	0.000083	557.650630	0.046185	209484.958400
194	0.000084	557.661760	0.046979	209484.952474
195	0.000082	557.694932	0.045924	209484.947197
196	0.000085	557.704347	0.047180	209484.942623
197	0.000084	557.718986	0.046692	209484.938477
198	0.000085	557.717068	0.047472	209484.934816
199	0.000082	557.719474	0.045994	209484.931577
200	0.000084	557.707620	0.046688	209484.928830
201	0.000084	557.702968	0.046710	209484.926335
202	0.000085	557.689791	0.047239	209484.924147
203	0.000083	557.684667	0.046325	209484.922150
204	0.000087	557.667282	0.048380	209484.920353
205	0.000084	557.666714	0.046641	209484.918655
206	0.000088	557.662568	0.049225	209484.917086
207	0.000083	557.659728	0.046502	209484.915617
208	0.000091	557.656205	0.050489	209484.914197
209	0.000084	557.648890	0.046914	209484.912857
210	0.000090	557.649460	0.050437	209484.911529
211	0.000082	557.641166	0.045945	209484.910340
212	0.000088	557.637713	0.049062	209484.909204
213	0.000082	557.632247	0.045884	209484.908218
214	0.000087	557.627244	0.048417	209484.907289
215	0.000086	557.624642	0.047758	209484.906434
216	0.000087	557.622224	0.048429	209484.905605
217	0.000085	557.628092	0.047125	209484.904845
218	0.000083	557.629154	0.046475	209484.904170
219	0.000083	557.631502	0.046553	209484.903571
220	0.000084	557.629402	0.046772	209484.903045
221	0.000084	557.633883	0.046953	209484.902570
222	0.000085	557.635871	0.047405	209484.902145
223	0.000084	557.642833	0.046954	209484.901760
224	0.000086	557.645163	0.047958	209484.901409
225	0.000086	557.651298	0.047691	209484.901080
226	0.000088	557.651371	0.048808	209484.900765
227	0.000086	557.651495	0.048133	209484.900462
228	0.000089	557.652669	0.049831	209484.900160
229	0.000087	557.653905	0.048531	209484.899864
230	0.000089	557.654997	0.049447	209484.899573
231	0.000087	557.652711	0.048298	209484.899293
232	0.000087	557.651923	0.048387	209484.899026
233	0.000084	557.651767	0.047096	209484.898783
234	0.000083	557.651165	0.046313	209484.898568
235	0.000080	557.652559	0.044748	209484.898393
236	0.000081	557.653399	0.045080	209484.898247
237	0.000083	557.655498	0.046502	209484.898123
238	0.000083	557.655960	0.046059	209484.898013
239	0.000084	557.658205	0.047116	209484.897915
240	0.000081	557.658992	0.045259	209484.897832
241	0.000083	557.660067	0.046260	209484.897760
242	0.000080	557.659962	0.044794	209484.897701
243	0.000086	557.660351	0.047898	209484.897647
244	0.000085	557.659610	0.047318	209484.897599
245	0.000090	557.659187	0.050298	209484.897550
246	0.000086	557.658024	0.047715	209484.897504
247	0.000088	557.657834	0.049071	209484.897458
248	0.000083	557.657693	0.046219	209484.897418
249	0.000085	557.658329	0.047673	209484.897381
250	0.000083	557.659015	0.046338	209484.897348
251	0.000086	557.659368	0.047719	209484.897318
252	0.000084	557.659434	0.046980	209484.897291
253	0.000086	557.659749	0.048101	209484.897265
254	0.000087	557.659051	0.048635	209484.897242
255	0.000088	557.658840	0.049281	209484.897218
256	0.000087	557.657696	0.048711	209484.897195
257	0.000087	557.657632	0.048708	209484.897172
258	0.000088	557.656592	0.049278	209484.897151
259	0.000087	557.656272	0.048614	209484.897129
260	0.000088	557.655760	0.048900	209484.897108
261	0.000087	557.655663	0.048692	209484.897088
262	0.000087	557.656036	0.048775	209484.897068
263	0.000085	557.656307	0.047221	209484.897050
264	0.000084	557.656519	0.046996	209484.897034
265	0.000083	557.657062	0.046404	209484.897020
266	0.000087	557.657632	0.048542	209484.897007
267	0.000086	557.657729	0.048102	209484.896994
268	0.000089	557.657463	0.049486	209484.896981
269	0.000084	557.657143	0.046761	209484.896970
270	0.000088	557.656579	0.048997	209484.896959
271	0.000087	557.655956	0.048261	209484.896948
272	0.000090	557.655259	0.050434	209484.896938
273	0.000088	557.655450	0.048935	209484.896927
274	0.000088	557.655039	0.049104	209484.896916
275	0.000086	557.655317	0.047803	209484.896907
276	0.000091	557.654791	0.050497	209484.896897
277	0.000088	557.654996	0.049315	209484.896887
278	0.000088	557.654064	0.049158	209484.896877
279	0.000085	557.653521	0.047555	209484.896868
280	0.000087	557.652809	0.048388	209484.896859
281	0.000083	557.652411	0.046379	209484.896852
282	0.000085	557.651857	0.047188	209484.896844
283	0.000082	557.651190	0.045963	209484.896838
284	0.000088	557.650968	0.048849	209484.896832
285	0.000088	557.651009	0.049076	209484.896827
286	0.000089	557.651256	0.049634	209484.896821
287	0.000088	557.651305	0.048921	209484.896816
288	0.000086	557.651610	0.048188	209484.896811
289	0.000088	557.651750	0.049157	209484.896805
290	0.000088	557.651785	0.049209	209484.896800
291	0.000091	557.651732	0.050896	209484.896795
292	0.000089	557.651601	0.049460	209484.896790
293	0.000090	557.652009	0.050345	209484.896784
294	0.000088	557.652092	0.048933	209484.896779
295	0.000090	557.652529	0.050141	209484.896773
296	0.000091	557.652408	0.050490	209484.896768
297	0.000091	557.652654	0.050641	209484.896762
298	0.000090	557.651945	0.050161	209484.896756
299	0.000089	557.651565	0.049706	209484.896750
300	0.000088	557.650802	0.048799	209484.896744
301	0.000088	557.650628	0.049281	209484.896738
302	0.000087	557.650179	0.048339	209484.896732
303	0.000089	557.649952	0.049476	209484.896726
304	0.000086	557.649739	0.047931	209484.896721
305	0.000088	557.649823	0.049237	209484.896715
306	0.000083	557.650029	0.046023	209484.896711
307	0.000085	557.650196	0.047123	209484.896706
308	0.000082	557.650667	0.045977	209484.896703
309	0.000085	557.650731	0.047141	209484.896700
310	0.000085	557.650658	0.047581	209484.896697
311	0.000086	557.650460	0.048164	209484.896694
312	0.000087	557.650311	0.048541	209484.896691
313	0.000087	557.650213	0.048631	209484.896689
314	0.000089	557.650043	0.049516	209484.896686
315	0.000089	557.650239	0.049773	209484.896683
316	0.000088	557.650187	0.049351	209484.896681
317	0.000089	557.650303	0.049612	209484.896678
318	0.000086	557.650049	0.048053	209484.896676
319	0.000085	557.650258	0.047606	209484.896673
320	0.000084	557.650120	0.047106	209484.896671
321	0.000085	557.650218	0.047510	209484.896669
322	0.000085	557.650168	0.047674	209484.896668
323	0.000087	557.650294	0.048777	209484.896666
324	0.000088	557.650196	0.048875	209484.896664
n	t		maxV		t*maxV		energy
0	0.000000	7259505.882907	0.035795	468146.808618
1	0.000000	279347.040320	0.075992	343116.261189
2	0.000001	109585.238100	0.078738	310910.555237
3	0.000001	130791.125124	0.136741	283761.756473
4	0.000011	11858.173230	0.128173	250539.846530
5	0.000006	26585.216592	0.170980	237934.544730
6	0.000016	8052.445415	0.126108	227704.087608
7	0.000015	7994.786192	0.122984	222814.407466
8	0.000014	5496.435541	0.078823	219752.632071
9	0.000015	6736.296021	0.100592	217383.235880
10	0.000027	2549.521816	0.069952	215234.350247
11	0.000032	2063.632096	0.065330	213982.086544
12	0.000043	1436.713253	0.061976	212954.879767
13	0.000044	1169.621808	0.051529	212198.462815
14	0.000047	1256.033792	0.059183	211639.618172
15	0.000056	1054.166600	0.059097	211176.278197
16	0.000057	763.698016	0.043280	210812.314748
17	0.000058	685.578491	0.039865	210548.790166
18	0.000058	670.482769	0.039122	210373.669927
19	0.000062	616.366447	0.038078	210246.183529
20	0.000067	571.525633	0.038122	210151.952972
21	0.000065	567.330893	0.036891	210083.757518
22	0.000069	562.392281	0.039003	210031.283284
23	0.000071	559.771941	0.039845	209991.679020
24	0.000078	562.377844	0.044053	209956.533742
25	0.000076	560.790438	0.042357	209924.562627
26	0.000081	561.126993	0.045352	209893.884740
27	0.000076	558.796294	0.042581	209868.413645
28	0.000082	558.360842	0.045718	209844.314363
29	0.000083	557.628496	0.046237	209821.341616
30	0.000074	556.911350	0.040940	209800.558018
31	0.000075	563.853487	0.042153	209782.319396
32	0.000073	565.570359	0.041495	209765.790321
33	0.000078	560.302417	0.043643	209750.067834
34	0.000079	557.756422	0.043918	209735.284923
35	0.000079	555.313134	0.043721	209721.958627
36	0.000073	555.846134	0.040735	209710.904779
37	0.000078	556.600566	0.043559	209700.846644
38	0.000073	556.384758	0.040547	209692.460369
39	0.000075	556.273788	0.041858	209685.933595
40	0.000075	556.278996	0.041449	209680.896894
41	0.000080	556.441243	0.044500	209676.671928
42	0.000081	556.361902	0.045252	209673.005873
43	0.000080	556.063244	0.044744	209669.760422
44	0.000084	555.683787	0.046413	209666.697590
45	0.000083	555.324455	0.046248	209663.760850
46	0.000086	555.591046	0.047588	209660.972734
47	0.000085	555.896514	0.047372	209658.081456
48	0.000088	556.391483	0.048882	209655.085458
49	0.000089	556.782992	0.049798	209651.885660
50	0.000090	557.030896	0.050314	209648.423460
51	0.000089	557.201606	0.049831	209644.435448
52	0.000083	557.571809	0.046237	209640.166766
53	0.000079	557.740379	0.044242	209636.329526
54	0.000077	557.612519	0.043165	209632.899429
55	0.000080	557.402845	0.044477	209629.733547
56	0.000080	557.255105	0.044654	209626.858247
57	0.000081	557.318975	0.045408	209624.268850
58	0.000082	557.162966	0.045860	209621.886843
59	0.000089	557.456044	0.049352	209619.346131
60	0.000083	557.580037	0.046161	209616.802362
61	0.000084	557.371468	0.046894	209614.247862
62	0.000084	557.501249	0.046925	209611.676588
63	0.000084	557.816837	0.046828	209609.040036
64	0.000082	557.684440	0.045515	209606.581149
65	0.000083	557.812588	0.046234	209604.253407
66	0.000079	557.275888	0.044111	209602.161040
67	0.000076	557.441006	0.042412	209600.464627
68	0.000076	557.235238	0.042492	209599.137653
69	0.000079	557.442953	0.043979	209598.061438
70	0.000082	557.273164	0.045608	209597.124091
71	0.000082	557.572778	0.045552	209596.299973
72	0.000078	557.589010	0.043718	209595.632340
73	0.000081	557.634374	0.045028	209595.079046
74	0.000088	557.505386	0.048898	209594.554605
75	0.000092	557.428489	0.051081	209593.981545
76	0.000095	557.337711	0.053004	209593.323341
77	0.000096	557.369367	0.053625	209592.495469
78	0.000095	557.282514	0.053042	209591.441622
79	0.000091	557.358984	0.050650	209590.171484
80	0.000090	557.372972	0.050119	209588.646772
81	0.000091	557.580930	0.050526	209586.756690
82	0.000089	557.487484	0.049568	209584.240137
83	0.000084	557.537087	0.047018	209581.208303
84	0.000083	557.394154	0.046299	209577.884394
85	0.000080	557.487901	0.044499	209574.281169
86	0.000089	557.349850	0.049340	209570.147708
87	0.000083	557.192267	0.046201	209565.759368
88	0.000081	556.911845	0.045104	209560.900107
89	0.000087	556.827741	0.048443	209556.279912
90	0.000068	556.709848	0.037995	209552.605788
91	0.000091	556.932907	0.050938	209548.890913
92	0.000077	557.014047	0.042877	209545.983492
93	0.000077	557.165536	0.042881	209543.110697
94	0.000092	556.878312	0.051212	209540.816920
95	0.000068	556.800663	0.038060	209538.903671
96	0.000101	556.808267	0.056064	209536.924546
97	0.000072	556.949638	0.040326	209535.395574
98	0.000082	556.968756	0.045696	209533.939960
99	0.000078	556.922376	0.043696	209532.945415
100	0.000078	556.873406	0.043502	209532.019906
101	0.000083	556.810572	0.046151	209531.298809
102	0.000079	556.736993	0.043784	209530.651164
103	0.000084	556.707908	0.046817	209530.103779
104	0.000080	556.706028	0.044375	209529.609652
105	0.000082	556.713348	0.045493	209529.204807
106	0.000077	556.693231	0.042972	209528.866207
107	0.000089	556.642759	0.049522	209528.553123
108	0.000084	556.660378	0.046736	209528.246924
109	0.000096	556.699886	0.053186	209527.904486
110	0.000085	556.617516	0.047336	209527.561446
111	0.000093	556.620685	0.051714	209527.176214
112	0.000086	556.710336	0.048017	209526.790024
113	0.000085	556.895075	0.047529	209526.391992
114	0.000083	556.959180	0.046335	209526.030509
115	0.000078	557.160957	0.043221	209525.720851
116	0.000084	557.206693	0.047058	209525.440812
117	0.000081	557.221167	0.045329	209525.191185
118	0.000084	557.167645	0.046657	209524.959642
119	0.000084	557.159105	0.046552	209524.751347
120	0.000083	557.106568	0.046426	209524.560084
121	0.000082	557.117490	0.045772	209524.394361
122	0.000083	557.108643	0.046376	209524.246080
123	0.000085	557.185389	0.047120	209524.112294
124	0.000088	557.220614	0.048947	209523.978358
125	0.000094	557.273725	0.052542	209523.832388
126	0.000093	557.284256	0.051756	209523.660192
127	0.000095	557.403579	0.053024	209523.454352
128	0.000086	557.461985	0.048107	209523.219649
129	0.000086	557.507496	0.047775	209522.978410
130	0.000077	557.449499	0.042941	209522.763995
131	0.000084	557.458586	0.046751	209522.562952
132	0.000090	557.362617	0.050096	209522.360332
133	0.000092	557.297853	0.051118	209522.122923
134	0.000107	557.273037	0.059599	209521.814277
135	0.000087	557.384272	0.048410	209521.426167
136	0.000106	557.410157	0.059009	209520.895205
137	0.000077	557.600322	0.042708	209520.399922
138	0.000096	557.713723	0.053541	209519.801486
139	0.000096	557.906286	0.053468	209519.159782
140	0.000088	557.808690	0.049298	209518.305552
141	0.000135	557.761011	0.075566	209517.130624
142	0.000054	557.784894	0.030254	209516.134105
143	0.000223	557.517193	0.124300	209513.242799
144	0.000067	557.429265	0.037109	209510.906534
145	0.000075	557.374445	0.041709	209509.213233
146	0.000078	557.649162	0.043371	209507.586324
147	0.000101	557.199010	0.056201	209506.082449
148	0.000073	556.902508	0.040884	209504.832702
149	0.000092	557.090479	0.051174	209503.812737
150	0.000087	557.366446	0.048587	209502.726339
151	0.000085	557.459222	0.047274	209501.788341
152	0.000089	557.180575	0.049313	209500.876663
153	0.000095	557.461996	0.052833	209499.998262
154	0.000086	557.273124	0.047831	209499.112677
155	0.000084	557.111107	0.047051	209498.323537
156	0.000084	557.007672	0.046516	209497.601003
157	0.000087	557.112170	0.048650	209496.933696
158	0.000084	557.134654	0.046660	209496.317682
159	0.000084	556.996205	0.046853	209495.784262
160	0.000088	557.096337	0.049303	209495.238939
161	0.000089	557.298669	0.049542	209494.720211
162	0.000087	557.301809	0.048424	209494.211159
163	0.000089	557.323824	0.049716	209493.724079
164	0.000093	557.257691	0.051967	209493.193248
165	0.000094	557.419795	0.052283	209492.584768
166	0.000093	557.515385	0.051809	209491.935467
167	0.000089	557.328732	0.049606	209491.228529
168	0.000087	557.369061	0.048261	209490.551495
169	0.000082	557.354160	0.045760	209489.906738
170	0.000082	557.465995	0.045474	209489.387697
171	0.000085	557.578443	0.047538	209488.884839
172	0.000088	557.687672	0.049039	209488.420928
173	0.000085	557.793675	0.047219	209487.976713
174	0.000086	557.805529	0.048206	209487.578204
175	0.000078	557.757868	0.043660	209487.253512
176	0.000085	557.652441	0.047309	209486.985290
177	0.000081	557.678187	0.045268	209486.755133
178	0.000085	557.682523	0.047629	209486.559637
179	0.000078	557.466912	0.043730	209486.401609
180	0.000085	557.430344	0.047143	209486.268230
181	0.000081	557.500366	0.045384	209486.156009
182	0.000086	557.450980	0.048212	209486.056626
183	0.000084	557.448081	0.046830	209485.968268
184	0.000087	557.459161	0.048551	209485.886514
185	0.000088	557.443309	0.049072	209485.807747
186	0.000088	557.435151	0.048842	209485.731831
187	0.000088	557.391631	0.048981	209485.661520
188	0.000085	557.367103	0.047240	209485.597268
189	0.000088	557.364692	0.048778	209485.539931
190	0.000084	557.357038	0.046670	209485.488909
191	0.000087	557.390478	0.048621	209485.443322
192	0.000083	557.402658	0.046354	209485.404125
193	0.000087	557.398563	0.048695	209485.367400
194	0.000083	557.420502	0.046345	209485.336484
195	0.000088	557.442084	0.049160	209485.307693
196	0.000084	557.396548	0.046666	209485.282897
197	0.000088	557.361527	0.049096	209485.259893
198	0.000085	557.342553	0.047159	209485.239460
199	0.000085	557.303978	0.047325	209485.221515
200	0.000085	557.271500	0.047262	209485.205991
201	0.000085	557.255422	0.047174	209485.192048
202	0.000084	557.249601	0.046791	209485.180094
203	0.000083	557.234673	0.046253	209485.170253
204	0.000086	557.222022	0.048006	209485.161352
205	0.000084	557.238301	0.046951	209485.153767
206	0.000087	557.251473	0.048505	209485.146586
207	0.000086	557.265963	0.047744	209485.140391
208	0.000083	557.281024	0.046098	209485.135011
209	0.000087	557.291017	0.048566	209485.130262
210	0.000081	557.303790	0.045209	209485.126311
211	0.000085	557.298638	0.047170	209485.122967
212	0.000081	557.296122	0.045289	209485.120253
213	0.000081	557.294099	0.045132	209485.118066
214	0.000083	557.288144	0.046267	209485.116252
215	0.000081	557.288737	0.045403	209485.114800
216	0.000092	557.288266	0.051369	209485.113362
217	0.000088	557.284488	0.049256	209485.111995
218	0.000089	557.280407	0.049620	209485.110648
219	0.000085	557.281322	0.047185	209485.109475
220	0.000086	557.289840	0.048023	209485.108406
221	0.000082	557.286372	0.045533	209485.107531
222	0.000084	557.278295	0.047013	209485.106755
223	0.000082	557.281720	0.045824	209485.106126
224	0.000087	557.284300	0.048612	209485.105553
225	0.000086	557.285878	0.047676	209485.105050
226	0.000083	557.284098	0.045992	209485.104618
227	0.000086	557.285694	0.047929	209485.104247
228	0.000087	557.288061	0.048260	209485.103905
229	0.000087	557.288648	0.048723	209485.103586
230	0.000092	557.289191	0.051256	209485.103268
231	0.000088	557.287629	0.049056	209485.102951
232	0.000088	557.291630	0.048871	209485.102666
233	0.000086	557.295495	0.047777	209485.102398
234	0.000087	557.293507	0.048636	209485.102162
235	0.000086	557.291076	0.047712	209485.101942
236	0.000089	557.294757	0.049658	209485.101739
237	0.000090	557.297491	0.049945	209485.101536
238	0.000086	557.292657	0.047898	209485.101353
239	0.000091	557.289530	0.050650	209485.101170
240	0.000084	557.289684	0.046700	209485.101011
241	0.000090	557.289521	0.050002	209485.100859
242	0.000082	557.288944	0.045949	209485.100730
243	0.000090	557.287010	0.050012	209485.100605
244	0.000086	557.287751	0.047930	209485.100493
245	0.000086	557.288105	0.047676	209485.100389
246	0.000090	557.286006	0.050256	209485.100294
247	0.000085	557.285957	0.047517	209485.100203
248	0.000094	557.285988	0.052258	209485.100116
249	0.000090	557.287532	0.050097	209485.100024
250	0.000092	557.289639	0.051263	209485.099933
251	0.000091	557.289970	0.050559	209485.099839
252	0.000091	557.290895	0.050522	209485.099745
253	0.000087	557.291246	0.048480	209485.099656
254	0.000089	557.290605	0.049463	209485.099572
255	0.000090	557.292430	0.050007	209485.099490
256	0.000089	557.293670	0.049362	209485.099410
257	0.000090	557.292190	0.050093	209485.099334
258	0.000092	557.290665	0.051177	209485.099255
259	0.000089	557.291234	0.049795	209485.099177
260	0.000092	557.291566	0.051145	209485.099098
261	0.000092	557.290254	0.051262	209485.099017
262	0.000089	557.288506	0.049568	209485.098938
263	0.000093	557.287101	0.051956	209485.098857
264	0.000088	557.287436	0.048897	209485.098776
265	0.000093	557.286522	0.051940	209485.098697
266	0.000087	557.289142	0.048507	209485.098618
267	0.000094	557.293318	0.052558	209485.098539
268	0.000091	557.291654	0.050451	209485.098456
269	0.000093	557.290871	0.051882	209485.098371
270	0.000087	557.292813	0.048690	209485.098289
271	0.000089	557.292149	0.049405	209485.098210
272	0.000086	557.290696	0.047768	209485.098140
273	0.000088	557.289264	0.049144	209485.098073
274	0.000087	557.288707	0.048489	209485.098012
275	0.000090	557.289351	0.050083	209485.097952
276	0.000090	557.288767	0.050057	209485.097894
277	0.000092	557.289219	0.051181	209485.097836
278	0.000092	557.290087	0.051058	209485.097774
n	t		maxV		t*maxV		energy
0	0.000000	2443557.598864	0.051515	392168.627504
1	0.000001	96884.533099	0.064266	311824.086424
2	0.000001	137977.404411	0.133893	283533.305072
3	0.000007	20364.835029	0.144821	252583.756890
4	0.000002	91024.608591	0.144590	242946.825327
5	0.000008	9491.792468	0.078598	232231.983181
6	0.000010	9804.250998	0.100645	226308.048822
7	0.000003	27089.216551	0.078641	223125.766766
8	0.000014	9045.386706	0.122113	219451.734795
9	0.000003	20388.906855	0.061170	217970.043550
10	0.000028	3271.612134	0.091082	215258.956648
11	0.000025	3527.932339	0.088742	213871.120506
12	0.000028	2404.346651	0.068353	212730.550266
13	0.000035	2064.187349	0.072393	212045.700248
14	0.000033	2168.179682	0.072465	211537.771783
15	0.000038	1490.451725	0.057254	211121.927462
16	0.000043	966.069625	0.041240	210833.665017
17	0.000054	714.170033	0.038557	210636.169186
18	0.000059	617.422143	0.036670	210498.201182
19	0.000062	593.287726	0.036994	210383.219289
20	0.000061	582.650897	0.035737	210289.339838
21	0.000068	581.149731	0.039464	210211.713989
22	0.000069	568.172038	0.039385	210146.712520
23	0.000071	566.065670	0.040008	210091.199526
24	0.000072	563.318631	0.040433	210044.115241
25	0.000077	560.507132	0.043289	209997.809878
26	0.000079	559.396901	0.044198	209958.698033
27	0.000077	561.517796	0.043220	209923.800347
28	0.000080	557.467180	0.044847	209891.377170
29	0.000076	556.629776	0.042082	209861.166462
30	0.000079	557.192973	0.044156	209835.259526
31	0.000077	555.095517	0.042816	209812.125934
32	0.000074	555.943827	0.041375	209794.825511
33	0.000075	554.914760	0.041413	209780.818829
34	0.000082	555.852707	0.045412	209767.892192
35	0.000082	556.423114	0.045883	209755.463472
36	0.000078	555.356160	0.043562	209744.799659
37	0.000084	554.285007	0.046785	209734.708821
38	0.000087	555.196869	0.048097	209724.580269
39	0.000088	555.604589	0.048774	209713.724537
40	0.000083	558.012943	0.046104	209701.430722
41	0.000088	557.756814	0.049297	209688.015965
42	0.000078	559.204264	0.043597	209675.106624
43	0.000081	558.950733	0.045441	209662.866975
44	0.000081	559.215640	0.045395	209651.774028
45	0.000076	554.829067	0.042085	209642.437756
46	0.000081	555.148689	0.044927	209634.495337
47	0.000077	555.511621	0.042999	209627.533727
48	0.000077	555.465313	0.043004	209621.735473
49	0.000078	555.047093	0.043265	209616.602957
50	0.000077	554.824684	0.042853	209612.142774
51	0.000080	554.622273	0.044451	209608.266503
52	0.000085	554.282167	0.046970	209604.671738
53	0.000093	554.381940	0.051615	209600.511858
54	0.000086	555.017643	0.047776	209595.808011
55	0.000086	555.822972	0.047652	209590.580434
56	0.000080	555.387925	0.044390	209585.455220
57	0.000077	555.570475	0.042754	209580.920369
58	0.000073	554.939661	0.040614	209577.538330
59	0.000073	555.502447	0.040648	209574.840805
60	0.000080	555.567028	0.044479	209572.425084
61	0.000081	555.510807	0.044909	209570.097348
62	0.000081	555.784313	0.045278	209567.837002
63	0.000081	555.872128	0.044870	209565.612905
64	0.000082	556.143983	0.045677	209563.404715
65	0.000081	556.111647	0.045229	209561.256346
66	0.000081	555.998813	0.045307	209559.331610
67	0.000075	556.835597	0.041497	209557.671186
68	0.000073	557.484972	0.040818	209556.373602
69	0.000072	557.872060	0.040306	209555.349767
70	0.000082	558.265702	0.045660	209554.437367
71	0.000081	558.528340	0.045415	209553.595315
72	0.000086	558.631727	0.048201	209552.771868
73	0.000089	558.775216	0.049675	209551.887326
74	0.000087	558.603843	0.048765	209550.923091
75	0.000087	558.525357	0.048740	209549.891961
76	0.000088	558.474958	0.048991	209548.683162
77	0.000090	558.504091	0.050334	209547.227404
78	0.000090	558.708229	0.050347	209545.404423
79	0.000089	558.986763	0.050003	209543.163534
80	0.000081	559.244865	0.045040	209540.965513
81	0.000078	559.042868	0.043612	209539.067345
82	0.000079	558.804634	0.044207	209537.534489
83	0.000081	558.643227	0.045324	209536.252543
84	0.000083	558.606953	0.046392	209535.164431
85	0.000082	558.740720	0.045705	209534.243601
86	0.000085	558.816974	0.047644	209533.420242
87	0.000084	558.670171	0.047052	209532.644426
88	0.000082	558.926509	0.045854	209531.938683
89	0.000080	558.750315	0.044682	209531.320588
90	0.000082	558.943812	0.045891	209530.763710
91	0.000085	558.761458	0.047269	209530.239731
92	0.000085	558.922411	0.047773	209529.735915
93	0.000083	558.907901	0.046326	209529.291979
94	0.000085	558.923319	0.047537	209528.899625
95	0.000086	558.873426	0.048305	209528.544666
96	0.000088	558.852642	0.049118	209528.212421
97	0.000087	558.860164	0.048401	209527.901697
98	0.000085	558.932767	0.047325	209527.622542
99	0.000085	558.988735	0.047436	209527.371347
100	0.000085	559.058282	0.047251	209527.144446
101	0.000085	559.025734	0.047596	209526.933672
102	0.000083	559.073408	0.046143	209526.739278
103	0.000080	559.028808	0.044787	209526.566421
104	0.000080	559.047524	0.044484	209526.415663
105	0.000079	558.991892	0.044365	209526.286204
106	0.000080	559.018782	0.044747	209526.176018
107	0.000081	558.907186	0.045438	209526.082317
108	0.000085	558.942558	0.047520	209525.998122
109	0.000089	558.902959	0.049904	209525.915623
110	0.000090	558.974431	0.050555	209525.830832
111	0.000087	558.935436	0.048533	209525.748829
112	0.000086	558.996146	0.048214	209525.672774
113	0.000088	558.940574	0.049355	209525.598777
114	0.000089	558.975468	0.049584	209525.525009
115	0.000090	558.916276	0.050570	209525.446751
116	0.000090	558.917737	0.050189	209525.363301
117	0.000089	558.902699	0.049940	209525.272754
118	0.000088	558.932139	0.049456	209525.178874
119	0.000091	558.893228	0.050942	209525.078261
120	0.000095	558.949737	0.053107	209524.965895
121	0.000093	558.877829	0.051699	209524.841640
122	0.000094	558.905181	0.052756	209524.704045
123	0.000095	558.820028	0.053181	209524.538185
124	0.000094	558.859821	0.052568	209524.332408
125	0.000086	558.785331	0.048161	209524.100551
126	0.000084	558.928924	0.046883	209523.858505
127	0.000081	558.930806	0.045061	209523.625375
128	0.000083	559.067601	0.046526	209523.398940
129	0.000084	558.944301	0.047145	209523.179038
130	0.000085	559.047267	0.047628	209522.961535
131	0.000085	558.911024	0.047463	209522.757325
132	0.000084	558.972593	0.046992	209522.563361
133	0.000084	558.853223	0.047219	209522.387341
134	0.000083	558.884911	0.046144	209522.226717
135	0.000086	558.812655	0.048134	209522.078405
136	0.000085	558.868922	0.047696	209521.934990
137	0.000091	558.795913	0.050871	209521.785796
138	0.000090	558.845037	0.050572	209521.623045
139	0.000097	558.759154	0.054002	209521.428587
140	0.000093	558.867536	0.052178	209521.202168
141	0.000096	558.800285	0.053782	209520.923619
142	0.000090	558.932184	0.050440	209520.609140
143	0.000087	558.827169	0.048784	209520.261158
144	0.000086	558.908213	0.048059	209519.916118
145	0.000081	558.824606	0.045537	209519.573927
146	0.000091	558.882419	0.050808	209519.226286
147	0.000078	558.788398	0.043701	209518.898246
148	0.000092	558.863103	0.051588	209518.567058
149	0.000077	558.760346	0.042965	209518.272836
150	0.000092	558.812911	0.051407	209517.972392
151	0.000078	558.709739	0.043556	209517.718665
152	0.000091	558.812115	0.050902	209517.451183
153	0.000082	558.790650	0.045836	209517.221625
154	0.000089	558.891084	0.049993	209516.970334
155	0.000085	558.835633	0.047676	209516.751064
156	0.000085	558.938665	0.047329	209516.521625
157	0.000088	558.855073	0.048984	209516.319324
158	0.000081	558.976425	0.045113	209516.119345
159	0.000089	558.936672	0.049819	209515.939788
160	0.000077	559.077223	0.042808	209515.778917
161	0.000092	559.041688	0.051320	209515.627723
162	0.000077	559.130710	0.043107	209515.493916
163	0.000094	559.062694	0.052612	209515.355869
164	0.000078	559.130163	0.043845	209515.235893
165	0.000096	559.015587	0.053809	209515.101062
166	0.000084	559.020176	0.047110	209514.974536
167	0.000095	558.940237	0.052981	209514.823371
168	0.000087	559.008705	0.048716	209514.680077
169	0.000088	558.926771	0.049127	209514.518755
170	0.000092	558.989960	0.051517	209514.360666
171	0.000084	558.941291	0.046912	209514.185017
172	0.000101	559.025953	0.056296	209513.990212
173	0.000079	558.924422	0.044255	209513.780572
174	0.000104	558.999500	0.058111	209513.532951
175	0.000074	558.907162	0.041265	209513.299735
176	0.000101	558.937005	0.056270	209513.034131
177	0.000076	558.767190	0.042471	209512.798638
178	0.000103	558.839825	0.057751	209512.500115
179	0.000089	558.731961	0.049584	209512.183926
180	0.000099	558.776332	0.055573	209511.731285
181	0.000090	558.862764	0.050529	209511.203193
182	0.000080	559.020673	0.044977	209510.601174
183	0.000091	558.980901	0.050775	209509.920738
184	0.000073	558.938859	0.040637	209509.297493
185	0.000091	558.695377	0.051113	209508.599960
186	0.000078	558.802118	0.043762	209507.982577
187	0.000091	558.605374	0.051091	209507.212122
188	0.000097	558.610272	0.054014	209506.361465
189	0.000087	558.524313	0.048677	209505.035713
190	0.000134	558.496464	0.074607	209503.157214
191	0.000045	558.271919	0.024869	209501.955352
192	0.000200	558.201594	0.111490	209499.608415
193	0.000070	559.023983	0.039051	209497.935570
194	0.000062	558.694082	0.034833	209497.051350
195	0.000092	558.462784	0.051292	209496.057131
196	0.000079	558.660207	0.043914	209495.373182
197	0.000079	558.824965	0.043957	209494.703048
198	0.000086	558.650340	0.047971	209494.207326
199	0.000080	558.585378	0.044582	209493.772103
200	0.000099	558.703761	0.055481	209493.340042
201	0.000082	558.673150	0.045654	209492.977469
202	0.000086	558.466995	0.048093	209492.671836
203	0.000077	558.648454	0.043198	209492.429590
204	0.000092	558.749350	0.051648	209492.191735
205	0.000085	558.807642	0.047393	209491.968463
206	0.000093	558.650236	0.051981	209491.747787
207	0.000088	558.732348	0.049061	209491.525014
208	0.000087	558.838728	0.048727	209491.306880
209	0.000074	558.759636	0.041431	209491.146546
210	0.000084	558.788484	0.047098	209491.010171
211	0.000078	558.807031	0.043443	209490.899350
212	0.000085	558.857294	0.047616	209490.800826
213	0.000084	558.769942	0.046761	209490.715677
214	0.000092	558.776869	0.051302	209490.633632
215	0.000086	558.753486	0.048038	209490.556211
216	0.000086	558.827241	0.048337	209490.485256
217	0.000088	558.893399	0.049050	209490.418321
218	0.000083	558.928985	0.046146	209490.358003
219	0.000086	558.876983	0.047985	209490.303210
220	0.000089	558.894617	0.049859	209490.249373
221	0.000089	558.891439	0.049706	209490.197110
222	0.000088	558.902495	0.049349	209490.149652
223	0.000087	558.892294	0.048346	209490.105202
224	0.000083	558.896266	0.046632	209490.066903
225	0.000087	558.860784	0.048410	209490.032218
226	0.000081	558.825400	0.045465	209490.002628
227	0.000084	558.864639	0.046964	209489.978329
228	0.000096	558.853652	0.053384	209489.952045
229	0.000081	558.836356	0.045186	209489.929050
230	0.000091	558.853257	0.051104	209489.906390
231	0.000080	558.832326	0.044856	209489.886525
232	0.000089	558.878119	0.049568	209489.868123
233	0.000094	558.890998	0.052360	209489.848629
234	0.000091	558.886892	0.050621	209489.828003
235	0.000094	558.860980	0.052589	209489.806680
236	0.000120	558.865221	0.066887	209489.774392
237	0.000238	558.827275	0.133192	209489.657941
238	0.000056	558.802197	0.031330	209489.280446
239	0.000015	558.769397	0.008339	209489.071431
240	0.000075	558.754004	0.042076	209488.166905
241	0.000088	558.835686	0.049334	209487.093925
242	0.000080	558.824555	0.044621	209486.038130
243	0.000076	558.647572	0.042566	209485.229493
244	0.000082	558.863147	0.045734	209484.564314
245	0.000078	558.987647	0.043381	209484.056264
246	0.000094	558.957072	0.052666	209483.548916
247	0.000085	558.735246	0.047491	209483.058163
248	0.000083	558.730109	0.046561	209482.615417
249	0.000087	558.729721	0.048643	209482.179900
250	0.000087	558.920197	0.048596	209481.796743
251	0.000084	558.897561	0.046944	209481.436742
252	0.000090	558.996210	0.050368	209481.062160
253	0.000088	559.088369	0.049401	209480.684316
254	0.000096	558.957188	0.053447	209480.290824
255	0.000091	558.914228	0.051035	209479.899488
256	0.000082	559.047342	0.046112	209479.544328
257	0.000081	558.825692	0.045094	209479.229357
258	0.000085	558.880774	0.047436	209478.950256
259	0.000093	558.901818	0.051741	209478.670084
260	0.000092	559.027858	0.051614	209478.386089
261	0.000098	559.137386	0.054703	209478.055496
262	0.000091	559.057696	0.050952	209477.693851
263	0.000090	558.815230	0.050039	209477.260180
264	0.000081	558.804582	0.045073	209476.895885
265	0.000090	558.820179	0.050375	209476.554026
266	0.000083	558.875778	0.046185	209476.242628
267	0.000085	558.824419	0.047622	209475.955864
268	0.000083	558.919940	0.046286	209475.686206
269	0.000085	558.768039	0.047533	209475.460464
270	0.000087	558.803385	0.048542	209475.254262
271	0.000081	558.669922	0.045442	209475.076472
272	0.000086	558.555708	0.048209	209474.916686
273	0.000082	558.546768	0.045928	209474.775050
274	0.000084	558.605505	0.047064	209474.659100
275	0.000085	558.572826	0.047614	209474.552662
276	0.000084	558.567720	0.046729	209474.461445
277	0.000088	558.667701	0.049387	209474.371391
278	0.000082	558.694141	0.045712	209474.296618
279	0.000084	558.593097	0.046908	209474.230949
280	0.000082	558.688348	0.045604	209474.175765
281	0.000083	558.635958	0.046404	209474.128796
282	0.000084	558.586058	0.046977	209474.088767
283	0.000087	558.542312	0.048494	209474.050597
284	0.000088	558.581220	0.048966	209474.016450
285	0.000079	558.576756	0.044001	209473.988539
286	0.000085	558.572179	0.047687	209473.964133
287	0.000087	558.533169	0.048350	209473.941417
288	0.000086	558.491974	0.048276	209473.921014
289	0.000091	558.440911	0.050579	209473.901105
290	0.000087	558.460451	0.048465	209473.882064
291	0.000086	558.473148	0.048234	209473.864207
292	0.000084	558.489534	0.046908	209473.848225
293	0.000088	558.500589	0.049246	209473.834129
294	0.000084	558.533191	0.046657	209473.821602
295	0.000083	558.536888	0.046374	209473.811076
296	0.000081	558.526598	0.045435	209473.802362
297	0.000085	558.534892	0.047632	209473.794755
298	0.000085	558.544052	0.047235	209473.788173
299	0.000086	558.542440	0.048300	209473.782219
300	0.000088	558.584093	0.049119	209473.776557
301	0.000084	558.584879	0.047161	209473.771508
302	0.000082	558.587985	0.045907	209473.767218
303	0.000084	558.583289	0.047114	209473.763467
304	0.000085	558.574332	0.047294	209473.760282
305	0.000088	558.554456	0.049007	209473.757438
306	0.000086	558.555977	0.048306	209473.754659
307	0.000086	558.561406	0.047782	209473.752210
308	0.000083	558.571112	0.046240	209473.750093
309	0.000083	558.567193	0.046419	209473.748364
310	0.000081	558.578510	0.045201	209473.746961
311	0.000082	558.584783	0.045629	209473.745803
312	0.000088	558.592594	0.048951	209473.744728
313	0.000088	558.593204	0.049338	209473.743753
314	0.000084	558.592636	0.047118	209473.742854
315	0.000082	558.589315	0.045695	209473.742110
316	0.000084	558.594004	0.046823	209473.741458
317	0.000083	558.591159	0.046640	209473.740904
318	0.000086	558.601759	0.048242	209473.740424
319	0.000079	558.608535	0.044396	209473.740031
320	0.000082	558.606583	0.046076	209473.739705
321	0.000085	558.603987	0.047396	209473.739430
322	0.000089	558.602191	0.049571	209473.739162
323	0.000087	558.596651	0.048452	209473.738921
324	0.000091	558.600404	0.050848	209473.738673
325	0.000083	558.602005	0.046305	209473.738452
326	0.000088	558.602431	0.049193	209473.738248
327	0.000083	558.599310	0.046246	209473.738073
328	0.000083	558.597328	0.046553	209473.737927
329	0.000088	558.594123	0.049224	209473.737796
330	0.000091	558.596030	0.050879	209473.737660
331	0.000082	558.597382	0.045822	209473.737543
332	0.000092	558.600001	0.051247	209473.737427
333	0.000087	558.599327	0.048691	209473.737320
334	0.000085	558.596693	0.047394	209473.737224
335	0.000083	558.595404	0.046505	209473.737140
336	0.000084	558.599734	0.047165	209473.737065
337	0.000084	558.597933	0.046729	209473.737001
338	0.000082	558.597222	0.045850	209473.736950
339	0.000080	558.596896	0.044811	209473.736909
340	0.000084	558.597802	0.047054	209473.736873
341	0.000085	558.599141	0.047224	209473.736842
342	0.000085	558.599630	0.047238	209473.736815
343	0.000084	558.598418	0.046737	209473.736792
344	0.000083	558.596767	0.046432	209473.736772
345	0.000088	558.595439	0.049417	209473.736753
346	0.000084	558.596519	0.047190	209473.736737
347	0.000089	558.595803	0.049672	209473.736721
348	0.000085	558.595874	0.047548	209473.736707
349	0.000084	558.596340	0.047068	209473.736695
350	0.000081	558.597137	0.045201	209473.736684
351	0.000083	558.597236	0.046296	209473.736676
352	0.000083	558.597826	0.046433	209473.736669
353	0.000084	558.598005	0.046812	209473.736663
354	0.000084	558.598371	0.047097	209473.736658
355	0.000086	558.597750	0.047904	209473.736653
356	0.000085	558.597362	0.047314	209473.736649
357	0.000088	558.597285	0.049321	209473.736645
358	0.000083	558.597904	0.046251	209473.736642
359	0.000083	558.597826	0.046325	209473.736639
360	0.000082	558.597918	0.045973	209473.736637
361	0.000084	558.597435	0.046698	209473.736635
362	0.000082	558.597573	0.045980	209473.736633
363	0.000086	558.597292	0.047784	209473.736632
364	0.000082	558.597057	0.045536	209473.736630
365	0.000083	558.597466	0.046514	209473.736629
366	0.000084	558.597753	0.046668	209473.736628
367	0.000086	558.597485	0.048003	209473.736628
368	0.000083	558.597287	0.046638	209473.736627
369	0.000088	558.597276	0.049017	209473.736626
370	0.000080	558.597435	0.044900	209473.736626
371	0.000090	558.597430	0.050288	209473.736625
372	0.000082	558.597647	0.045953	209473.736625
373	0.000087	558.597638	0.048647	209473.736624
374	0.000085	558.597707	0.047751	209473.736624
375	0.000086	558.597611	0.047810	209473.736624
376	0.000084	558.597749	0.046771	209473.736624
377	0.000089	558.597871	0.049916	209473.736623
378	0.000084	558.597814	0.047118	209473.736623
379	0.000090	558.597686	0.050044	209473.736623
380	0.000085	558.597752	0.047425	209473.736623
381	0.000088	558.597721	0.048942	209473.736622
382	0.000093	558.597838	0.051685	209473.736622
383	0.000085	558.597782	0.047450	209473.736622
384	0.000086	558.597838	0.047904	209473.736622
385	0.000085	558.597803	0.047669	209473.736622
386	0.000081	558.597709	0.045005	209473.736622
387	0.000086	558.597685	0.048040	209473.736622
388	0.000079	558.597683	0.044389	209473.736622
389	0.000087	558.597620	0.048414	209473.736621
390	0.000083	558.597600	0.046276	209473.736621
391	0.000083	558.597608	0.046136	209473.736621
392	0.000080	558.597724	0.044921	209473.736621
393	0.000087	558.597776	0.048805	209473.736621
394	0.000080	558.597766	0.044729	209473.736621
395	0.000091	558.597690	0.050572	209473.736621
396	0.000083	558.597672	0.046439	209473.736621
397	0.000087	558.597666	0.048377	209473.736621
398	0.000083	558.597704	0.046205	209473.736621
399	0.000086	558.597695	0.047812	209473.736621
400	0.000087	558.597666	0.048408	209473.736621
401	0.000085	558.597630	0.047629	209473.736621
402	0.000084	558.597632	0.046644	209473.736621
403	0.000084	558.597605	0.046776	209473.736621
404	0.000081	558.597615	0.045070	209473.736621
405	0.000088	558.597599	0.049292	209473.736621
406	0.000084	558.597610	0.046977	209473.736621
407	0.000085	558.597618	0.047729	209473.736621
408	0.000087	558.597617	0.048506	209473.736621
409	0.000085	558.597617	0.047452	209473.736621
410	0.000080	558.597622	0.044727	209473.736621
411	0.000090	558.597602	0.050148	209473.736621
412	0.000087	558.597605	0.048360	209473.736621
413	0.000089	558.597602	0.049779	209473.736621
414	0.000088	558.597600	0.049134	209473.736621
415	0.000083	558.597599	0.046180	209473.736621
416	0.000090	558.597602	0.050538	209473.736621
n	t		maxV		t*maxV		energy
0	0.000000	33978822.317046	0.021395	555913.791416
1	0.000000	1044620.133792	0.068386	379333.787441
2	0.000000	323147.182698	0.100926	332196.429059
3	0.000005	28004.119155	0.128068	267279.408386
4	0.000002	42340.884517	0.105651	253228.635315
5	0.000002	51386.211573	0.127555	244492.367569
6	0.000004	31848.454021	0.132379	236024.234872
7	0.000004	25330.685433	0.095146	231305.511474
8	0.000012	15725.153910	0.186908	225224.228659
9	0.000001	23466.993218	0.025461	223955.267937
10	0.000008	13846.669496	0.105322	221057.849429
11	0.000010	7936.865655	0.080486	218536.373640
12	0.000021	7156.074759	0.147936	215981.024395
13	0.000033	1843.990435	0.061555	214007.662091
14	0.000032	2274.290510	0.073722	212887.706191
15	0.000036	1628.949734	0.058762	212020.760220
16	0.000049	1266.986965	0.061747	211404.508919
17	0.000050	844.027587	0.042108	211035.204437
18	0.000053	696.684131	0.036953	210793.656116
19	0.000060	699.945327	0.041749	210608.976775
20	0.000061	613.658971	0.037379	210474.650342
21	0.000065	583.772670	0.038158	210367.576554
22	0.000070	579.971758	0.040858	210272.020684
23	0.000068	574.369865	0.039284	210191.908580
24	0.000074	563.181707	0.041400	210124.954474
25	0.000073	559.437012	0.040877	210067.566958
26	0.000073	562.013106	0.041155	210015.116771
27	0.000073	562.200373	0.041244	209970.758991
28	0.000073	559.499868	0.040874	209934.314896
29	0.000078	560.762403	0.043995	209903.060088
30	0.000080	563.139994	0.044971	209874.688326
31	0.000077	556.918001	0.042862	209850.573089
32	0.000076	557.186256	0.042589	209830.725713
33	0.000080	555.370732	0.044660	209814.068075
34	0.000082	554.582465	0.045674	209799.064454
35	0.000078	554.490910	0.043168	209786.818458
36	0.000083	554.293053	0.046048	209775.881134
37	0.000084	554.966548	0.046835	209765.742003
38	0.000089	554.800978	0.049493	209755.159865
39	0.000083	554.206996	0.046029	209744.166900
40	0.000081	554.885220	0.045019	209734.195805
41	0.000076	554.948638	0.042271	209725.207919
42	0.000078	555.913423	0.043142	209717.318164
43	0.000084	556.709337	0.046974	209708.708126
44	0.000082	556.576565	0.045636	209699.517387
45	0.000077	555.765221	0.042799	209690.344502
46	0.000087	555.531191	0.048316	209681.642840
47	0.000073	555.823626	0.040844	209674.177000
48	0.000085	556.044158	0.047357	209667.224203
49	0.000077	556.284454	0.042831	209661.508973
50	0.000082	556.508598	0.045587	209656.131051
51	0.000080	556.310713	0.044244	209651.722422
52	0.000082	556.139787	0.045409	209647.349636
53	0.000088	556.248151	0.048788	209642.991856
54	0.000080	556.020406	0.044683	209638.390457
55	0.000077	555.765016	0.042983	209634.444847
56	0.000081	555.653290	0.044808	209630.721183
57	0.000081	556.500732	0.045105	209627.450755
58	0.000084	555.723760	0.046405	209624.452228
59	0.000088	558.088691	0.048992	209621.318691
60	0.000087	557.934394	0.048494	209617.929749
61	0.000089	559.059963	0.049933	209613.872456
62	0.000089	558.909159	0.049914	209609.113269
63	0.000083	558.296913	0.046428	209603.806680
64	0.000078	559.054374	0.043449	209598.648306
65	0.000075	559.685542	0.042094	209593.974630
66	0.000083	558.711224	0.046376	209589.235607
67	0.000084	559.411085	0.046782	209584.242177
68	0.000082	558.767200	0.045958	209578.998994
69	0.000085	559.003680	0.047786	209574.181228
70	0.000066	558.418800	0.037083	209570.961388
71	0.000084	558.518492	0.047180	209568.346503
72	0.000077	558.603397	0.043234	209566.315342
73	0.000080	558.631016	0.044509	209564.454073
74	0.000095	558.547650	0.052829	209562.795973
75	0.000080	558.350762	0.044909	209561.160293
76	0.000100	558.299360	0.055610	209559.312308
77	0.000087	558.383138	0.048747	209557.170191
78	0.000090	558.465376	0.050188	209554.323955
79	0.000084	558.949005	0.046907	209551.723081
80	0.000067	558.948519	0.037506	209549.953574
81	0.000088	559.115880	0.049376	209548.350756
82	0.000085	558.958377	0.047347	209546.865152
83	0.000084	558.865728	0.046793	209545.301066
84	0.000087	558.770420	0.048492	209543.990817
85	0.000080	558.636414	0.044941	209542.754321
86	0.000083	558.778741	0.046492	209541.746030
