0.737793	0.275635	0.616187	
-0.231236	-0.298831	-0.925867	
0.524929	-0.848690	-0.064607	
0.543818	0.755359	0.365641	
-0.785870	0.245858	0.567417	
-0.749534	0.661919	-0.007875	
-0.952549	-0.062168	-0.297968	
-0.287385	-0.754684	0.589799	
-0.297722	-0.300599	0.906091	
-0.008520	-0.675171	0.737612	
0.925510	0.102949	0.364463	
-0.335030	0.774166	-0.537049	
0.828087	0.482039	0.286201	
0.152759	-0.114296	0.981632	
0.116969	-0.466138	-0.876946	
-0.462963	-0.250537	0.850233	
0.880005	0.005748	-0.474929	
-0.106189	0.991558	0.074407	
0.978540	-0.202952	0.035640	
0.387791	-0.585309	-0.712061	
0.923173	-0.009252	-0.384273	
-0.078279	0.399015	-0.913597	
-0.264158	-0.106338	0.958599	
-0.897874	-0.352289	-0.264036	
0.585775	0.390457	0.710219	
-0.188098	0.757415	0.625253	
0.541245	-0.840635	0.019652	
-0.595549	0.797812	-0.093901	
-0.024612	-0.673389	0.738879	
-0.044469	-0.874760	0.482512	
-0.506898	0.013307	0.861903	
-0.472739	-0.416123	-0.776762	
-0.017042	-0.555254	0.831506	
0.861009	-0.483718	0.157102	
0.705292	-0.455371	-0.543323	
-0.898321	-0.029821	-0.438326	
0.819336	0.538847	0.195786	
0.610412	0.492267	0.620540	
-0.212850	-0.644315	-0.734542	
0.038746	-0.047900	-0.998100	
-0.221259	-0.864559	-0.451201	
-0.982950	0.082139	0.164510	
-0.905493	0.423987	0.017834	
0.648764	-0.757188	0.075969	
0.915803	-0.078678	-0.393847	
-0.455288	0.860838	-0.227313	
-0.103049	0.170764	0.979908	
0.678673	-0.446876	-0.582842	
-0.975755	0.091291	0.198916	
-0.873566	0.486705	0.000666	
-0.588684	-0.740947	-0.323186	
-0.588414	-0.192045	0.785422	
0.081959	0.779906	0.620508	
-0.584260	0.759516	-0.285964	
-0.088460	-0.777095	-0.623135	
-0.959364	-0.193073	-0.205775	
-0.886851	0.407094	-0.218565	
-0.427033	0.904208	0.007142	
-0.433287	-0.094766	-0.896260	
-0.542042	-0.104114	-0.833877	
0.083458	0.238118	0.967644	
0.669373	0.345608	-0.657644	
0.658482	0.440316	-0.610347	
-0.162524	-0.260223	-0.951772	
0.535902	-0.325991	0.778806	
-0.542012	-0.160614	-0.824879	
-0.041726	0.309934	-0.949842	
-0.911722	0.240976	-0.332705	
0.739566	0.536777	-0.406094	
0.719181	-0.626514	0.300431	
0.748598	0.097745	-0.655780	
-0.883782	-0.451707	0.122026	
0.273569	0.491955	-0.826523	
-0.090374	0.484232	-0.870260	
-0.653633	0.627631	-0.422899	
-0.697188	0.703554	-0.137626	
-0.456550	-0.499148	0.736488	
0.310842	-0.157012	-0.937403	
-0.409843	0.042718	-0.911155	
-0.086363	0.143194	0.985919	
-0.458965	0.092967	-0.883577	
-0.177951	-0.982150	-0.060956	
0.818678	0.526488	0.229299	
-0.919102	-0.309908	-0.243330	
0.569445	-0.334377	0.750949	
0.268020	0.220655	0.937804	
-0.340634	-0.084709	0.936372	
0.239856	-0.018789	0.970627	
-0.849335	-0.392645	-0.352788	
-0.571547	-0.327028	-0.752587	
-0.788404	-0.370990	-0.490698	
0.104974	0.602414	0.791251	
-0.608494	-0.537949	0.583393	
-0.738213	0.091835	-0.668287	
-0.282918	0.367614	-0.885899	
-0.066537	0.425048	0.902722	
-0.158437	-0.939268	-0.304422	
0.360960	0.914627	-0.182112	
0.216747	0.643545	-0.734078	
-0.066907	0.979708	0.188934	
-0.262817	0.834696	0.483952	
-0.527579	0.423264	-0.736552	
-0.272738	-0.512944	0.813942	
-0.738960	0.645906	0.191688	
-0.681228	-0.659442	0.317906	
0.776883	0.061209	0.626662	
-0.247856	-0.558215	-0.791810	
0.233550	0.918811	-0.318185	
0.543114	0.293456	-0.786709	
0.886297	-0.289608	-0.361393	
-0.290745	0.806647	-0.514576	
0.064884	0.520131	0.851618	
0.136602	0.341416	0.929933	
-0.588392	-0.291670	0.754137	
0.227538	-0.111759	-0.967335	
-0.830414	-0.545460	0.113518	
0.694009	-0.535534	-0.481201	
-0.584789	-0.808665	0.063897	
-0.561371	-0.200587	0.802887	
0.876578	0.478675	0.049808	
0.380774	-0.924640	0.007261	
-0.872079	0.471042	-0.132654	
0.531149	-0.755724	-0.383096	
-0.948979	-0.313746	0.031670	
0.201659	0.179222	-0.962919	
-0.563618	-0.820164	-0.098310	
0.486123	0.833248	0.263406	
0.008789	0.929035	0.369888	
0.290473	-0.588179	-0.754765	
-0.480644	0.876881	-0.007814	
-0.385707	0.014758	0.922503	
0.328443	-0.942026	-0.068639	
-0.674789	-0.727246	0.125592	
-0.907185	-0.228516	-0.353266	
-0.124350	0.239752	0.962837	
0.356398	0.775880	-0.520567	
0.038022	-0.413964	0.909499	
0.326684	0.930870	0.163579	
-0.642068	-0.175693	0.746244	
0.565629	0.555999	-0.609039	
0.311770	0.764727	-0.563908	
0.299754	-0.724739	0.620403	
0.521669	-0.160151	0.837982	
0.093395	-0.916378	0.389266	
-0.280586	0.592683	0.754982	
0.817013	-0.441403	0.371018	
0.591017	-0.660143	-0.463585	
-0.424080	-0.036823	0.904876	
-0.016134	0.982129	0.187515	
0.637073	0.503472	0.583655	
0.134570	0.449936	-0.882864	
-0.938392	-0.330584	-0.100669	
0.618292	0.537229	-0.573672	
-0.899231	-0.430673	-0.076843	
-0.118839	0.966041	-0.229439	
-0.768186	-0.264969	-0.582822	
0.937701	0.129817	0.322279	
0.626821	-0.779070	-0.012032	
0.626594	-0.119795	0.770084	
0.414978	0.344156	0.842229	
0.007175	-0.096374	-0.995319	
-0.092007	0.923109	0.373370	
0.655139	0.613097	-0.441480	
-0.164198	0.631395	0.757879	
0.385414	-0.704802	-0.595575	
0.471386	-0.287947	0.833596	
0.888492	0.456969	0.041962	
0.804675	-0.437610	-0.401243	
0.791730	0.598567	-0.121986	
0.326699	0.819465	0.470897	
-0.104980	0.744210	0.659644	
0.530927	0.804108	0.267446	
-0.692607	0.660238	0.290485	
-0.172013	-0.221680	-0.959828	
-0.442091	-0.863136	-0.244032	
0.706700	0.594523	-0.383560	
-0.050969	-0.499315	-0.864920	
0.595331	0.781270	0.187610	
0.220393	0.254197	-0.941706	
-0.778166	0.372781	-0.505461	
0.778597	0.604977	-0.166702	
-0.599679	-0.751423	0.275226	
0.612564	0.299205	0.731602	
0.465059	0.795924	0.387590	
-0.581173	0.513694	0.631155	
0.889244	0.383929	-0.248685	
-0.739130	0.433991	-0.515110	
-0.522538	-0.771985	-0.361930	
-0.799937	-0.246880	-0.546947	
0.876478	-0.399252	-0.269043	
0.542864	0.769253	-0.336969	
0.361060	-0.563058	-0.743371	
0.105116	0.312475	-0.944092	
-0.179408	0.800445	0.571927	
-0.392989	-0.188688	0.899976	
-0.958228	-0.097393	-0.268911	
0.241716	-0.821993	-0.515656	
-0.078902	-0.382696	0.920499	
0.281894	0.739608	0.611160	
0.313873	-0.773515	0.550598	
0.210330	0.465471	-0.859708	
0.739751	0.672655	-0.017424	
-0.317185	-0.932345	0.173570	
0.042890	0.175108	0.983614	
-0.831199	-0.243607	0.499764	
0.977898	-0.013814	-0.208627	
-0.465138	-0.152464	0.872010	
0.624532	-0.715396	-0.313319	
-0.144791	-0.897467	0.416640	
0.963488	0.110888	-0.243712	
-0.087569	-0.709353	0.699392	
0.700868	-0.608404	-0.372329	
0.041176	-0.916647	0.397571	
-0.083212	-0.952739	-0.292171	
-0.740999	0.457212	0.491811	
-0.054574	-0.499169	0.864785	
0.312243	0.582882	0.750168	
0.669323	0.742677	-0.020905	
-0.485153	-0.630805	-0.605567	
0.047766	-0.974545	0.219046	
0.046656	-0.988972	-0.140564	
0.801055	0.590853	0.095937	
0.405219	-0.365955	0.837780	
-0.768641	-0.540452	-0.342204	
-0.923415	-0.029727	0.382651	
-0.089014	-0.994853	-0.048410	
-0.797977	0.510405	0.320499	
-0.927314	0.324074	-0.187258	
0.502477	-0.385784	-0.773749	
0.461096	-0.861707	-0.211783	
0.177499	-0.099108	-0.979118	
0.569195	-0.344246	-0.746667	
0.421519	-0.884597	0.199524	
-0.846615	0.458151	0.270813	
0.333517	0.280984	0.899897	
-0.572746	0.307103	-0.760033	
0.956218	-0.131283	-0.261557	
0.878280	0.286062	-0.383135	
0.121043	0.911709	-0.392601	
0.055075	-0.719006	0.692818	
-0.508079	-0.312108	-0.802773	
-0.819352	0.114328	0.561775	
-0.263912	-0.852525	-0.451167	
-0.075312	-0.632289	-0.771063	
0.641829	-0.729331	0.236924	
0.446492	-0.882040	0.150499	
0.835505	-0.325138	-0.442964	
0.433307	0.894441	-0.110543	
0.806473	0.547810	-0.222497	
-0.441511	-0.324135	-0.836662	
0.198617	-0.578542	-0.791101	
0.245974	-0.914983	0.319849	
-0.213785	0.425147	0.879515	
-0.528697	-0.197989	-0.825397	
0.761132	-0.615035	-0.205936	
-0.815719	0.369611	-0.444961	
0.047695	-0.000698	0.998862	
-0.850426	0.373676	-0.370326	
-0.565357	0.678095	-0.469637	
0.244965	0.645175	-0.723700	
0.881636	-0.330920	-0.336467	
0.336019	0.929600	-0.151444	
0.266996	-0.302487	-0.914994	
-0.586257	-0.236336	-0.774886	
-0.054164	-0.815463	0.576269	
-0.067884	0.742399	0.666510	
0.789485	-0.181553	0.586304	
0.757150	0.172771	0.629980	
0.200901	-0.571081	0.795930	
-0.126635	-0.868776	0.478739	
-0.652571	-0.409132	0.637778	
-0.926103	-0.067608	-0.371164	
-0.362585	0.410217	-0.836812	
0.943357	0.028996	-0.330510	
0.191026	0.733206	0.652624	
0.552608	0.313360	-0.772289	
0.175965	-0.475398	-0.861994	
0.143362	0.985036	0.095667	
0.150312	-0.946804	0.284551	
-0.393008	-0.508152	-0.766372	
0.360977	-0.073626	-0.929664	
-0.203161	-0.899341	-0.387183	
0.124478	0.632179	0.764758	
0.650834	-0.423629	0.630043	
0.500746	-0.722047	-0.477391	
-0.581090	-0.629457	0.515866	
-0.144603	-0.556457	-0.818197	
-0.075075	0.943723	-0.322102	
-0.854163	0.484438	-0.189011	
-0.419933	0.566682	0.708892	
-0.806982	-0.014846	-0.590390	
0.190575	0.497701	-0.846153	
0.839760	-0.471472	-0.269290	
-0.167520	-0.928558	-0.331235	
-0.762788	-0.640958	0.085596	
0.418588	0.510169	0.751339	
0.961418	-0.040223	0.272134	
-0.239865	-0.538630	-0.807677	
0.528534	0.736548	0.422077	
0.721860	0.688863	0.066226	
-0.634156	-0.713203	-0.298644	
0.604883	-0.101083	0.789873	
-0.936953	-0.223134	0.268943	
-0.221887	0.599000	0.769393	
-0.452236	0.369340	-0.811832	
-0.547876	0.155394	0.822000	
0.221537	0.879065	0.422097	
-0.594642	0.076030	-0.800388	
0.106401	0.590021	0.800346	
0.158131	0.834631	0.527623	
-0.256167	-0.370075	-0.892986	
0.946641	-0.319187	0.044607	
-0.437957	0.496380	0.749534	
-0.260374	-0.302902	-0.916764	
0.702477	0.614901	-0.358362	
-0.351346	0.912829	0.208082	
-0.092494	-0.732454	0.674505	
0.183180	-0.396162	-0.899723	
-0.934265	0.138470	-0.328595	
0.997736	-0.020674	0.063995	
0.575212	0.786352	-0.225346	
-0.752665	-0.657715	-0.030106	
0.478877	0.414530	-0.773849	
0.384630	0.834005	-0.395595	
-0.052582	0.662546	0.747173	
0.809667	-0.224155	0.542397	
0.151441	0.068201	-0.986111	
0.408739	-0.572793	0.710521	
0.505621	-0.572812	0.645162	
-0.554961	-0.621482	-0.552973	
0.353412	0.881859	0.312128	
-0.627752	0.748121	-0.215040	
0.234245	0.538791	-0.809218	
0.486265	-0.006456	0.873787	
-0.349921	-0.639977	-0.684094	
-0.308332	-0.337693	0.889323	
0.919170	-0.158071	-0.360749	
0.417893	0.269654	0.867555	
0.947121	0.318997	-0.034668	
0.942447	-0.313257	0.116889	
0.393682	-0.901762	0.178438	
0.776594	0.248278	-0.579017	
0.247875	0.664180	-0.705282	
0.700191	-0.686629	0.195637	
0.597398	0.440856	0.669896	
0.116427	-0.647471	-0.753144	
0.618930	0.425760	0.660041	
-0.037869	0.658219	0.751873	
0.498402	-0.866861	0.012116	
0.166154	-0.105270	-0.980465	
-0.761835	0.639473	-0.103354	
0.326905	0.787244	0.522857	
-0.312411	0.890221	-0.331521	
0.181645	0.949810	0.254688	
0.296620	0.870346	0.393083	
0.247480	0.085528	-0.965111	
0.494086	-0.398079	0.772925	
-0.142428	0.312410	0.939209	
0.015155	0.829472	-0.558343	
0.695911	0.716283	0.051442	
0.115793	-0.152239	-0.981537	
-0.731947	0.543532	0.410885	
-0.338517	0.653752	-0.676767	
0.879146	0.475867	0.025546	
0.924052	0.012872	-0.382049	
-0.923511	-0.298919	0.240364	
-0.995774	0.023900	-0.088674	
-0.851167	0.201930	0.484499	
0.934436	0.355933	-0.011875	
0.017982	0.164855	-0.986154	
-0.007833	0.503527	-0.863944	
0.709480	-0.366372	-0.602005	
-0.502382	-0.467866	0.727127	
-0.438545	0.308387	0.844142	
0.065122	0.481177	0.874201	
-0.609492	0.355480	-0.708627	
-0.324139	-0.735499	-0.594958	
0.771451	0.536539	0.342037	
0.442741	0.739213	-0.507490	
-0.207963	0.802434	-0.559330	
0.153111	0.977649	0.144084	
0.974306	0.224875	-0.012617	
0.796321	-0.208663	0.567744	
-0.985046	0.169604	0.030302	
0.872017	-0.167718	0.459845	
-0.961206	-0.264476	-0.078327	
0.395802	0.887605	-0.235579	
0.859318	0.495195	0.127886	
-0.637429	-0.005133	-0.770492	
0.617488	-0.784320	-0.059593	
-0.763216	-0.578517	0.287782	
-0.271258	-0.805007	-0.527620	
0.045856	-0.795478	-0.604246	
0.547061	0.218984	-0.807942	
0.121592	0.986299	-0.111491	
0.259332	0.442686	-0.858357	
0.182522	0.934301	-0.306214	
-0.396726	-0.849973	-0.346634	
-0.968478	-0.194116	-0.156107	
-0.536668	0.027481	-0.843346	
0.762401	0.052004	-0.645012	
-0.111101	0.497750	0.860175	
-0.009113	-0.996272	0.085787	
-0.947401	0.231918	-0.220559	
-0.063907	0.862235	-0.502461	
0.437725	-0.675632	-0.593226	
0.482257	-0.118840	0.867931	
-0.925208	-0.362160	-0.113273	
0.101745	-0.969665	-0.222255	
0.602339	0.798235	-0.002968	
-0.073289	-0.162173	-0.984037	
-0.738568	0.319157	0.593848	
0.264998	-0.834993	-0.482247	
-0.678582	0.666461	0.308798	
0.563985	-0.156292	-0.810860	
0.781949	0.579415	-0.229856	
0.729221	0.505300	0.461421	
0.588708	-0.277159	-0.759346	
-0.381064	-0.924113	0.028386	
-0.759067	-0.593361	-0.267842	
0.742734	-0.282875	-0.606900	
-0.185202	0.961974	-0.200762	
-0.524706	-0.355490	0.773505	
0.473705	-0.093294	0.875728	
0.922501	-0.301773	0.240678	
-0.578838	-0.003731	0.815434	
0.917027	-0.365193	-0.160297	
-0.097380	0.053776	0.993793	
0.687601	0.185563	0.701976	
-0.716113	0.697838	0.014300	
0.280300	-0.949149	-0.143348	
0.469285	0.870307	-0.149457	
-0.489674	0.871888	-0.005516	
-0.709067	-0.689709	0.146714	
-0.821751	0.415778	0.389685	
-0.153790	0.985257	-0.074950	
0.003813	-0.955629	-0.294549	
0.103701	-0.952323	0.286926	
0.543544	-0.773271	0.326515	
-0.613459	0.478715	-0.628092	
0.246544	0.965412	0.084826	
-0.274754	-0.890422	0.362849	
-0.998926	-0.017440	-0.042915	
-0.717704	-0.554242	-0.421564	
0.639774	0.242919	0.729164	
0.905855	0.315609	0.282520	
-0.168360	0.746971	0.643187	
-0.127232	-0.984149	-0.123538	
-0.301957	0.155860	-0.940494	
-0.450906	-0.214116	-0.866509	
-0.054172	0.157445	-0.986041	
-0.941011	-0.271837	0.201502	
-0.068562	0.937494	0.341179	
-0.702556	0.524599	-0.480845	
-0.784897	-0.167716	0.596496	
0.220449	-0.508170	-0.832566	
0.005323	-0.349285	0.937002	
0.180854	0.212438	-0.960293	
0.733626	0.579749	0.354519	
-0.524877	0.535468	-0.661648	
0.201719	-0.846556	0.492597	
-0.942400	-0.273606	0.192410	
-0.898580	-0.438809	0.000832	
-0.324436	-0.911860	0.251499	
-0.531844	0.452099	0.716064	
0.454067	0.215790	-0.864441	
0.607812	0.718096	0.338973	
0.632598	-0.333575	-0.698961	
-0.736401	0.135981	-0.662739	
-0.562311	-0.068179	0.824110	
-0.551858	0.833672	-0.021057	
-0.270724	-0.379910	0.884521	
-0.119606	-0.878506	0.462517	
0.280023	-0.272134	-0.920614	
-0.282991	0.818543	0.499904	
-0.297382	-0.708163	0.640367	
0.317760	-0.093957	0.943504	
-0.615781	0.240009	0.750473	
-0.137154	0.989350	-0.048731	
0.755977	-0.444440	0.480595	
-0.451018	-0.733761	0.508112	
-0.093919	-0.993118	0.069971	
-0.066210	0.456220	-0.887400	
0.388055	0.822435	0.415949	
0.244658	0.963209	0.111228	
-0.521646	-0.560193	0.643482	
0.086602	-0.893321	0.440996	
-0.393424	0.716206	0.576426	
0.776094	0.323277	0.541452	
0.835641	-0.522937	-0.168054	
-0.225156	-0.394637	-0.890823	
0.154987	-0.749185	0.643973	
-0.790061	0.602913	0.110900	
0.403722	0.699278	0.589931	
0.494726	-0.780433	-0.382321	
0.777746	-0.603021	0.177416	
0.107165	0.915542	-0.387682	
-0.371375	0.914567	0.160149	
0.312051	0.808447	0.499036	
-0.323406	-0.820092	-0.472078	
0	2108189.702705	394036.238901		392168.627504
1	66332914.260785	312183.770504		311824.086424
2	97039877.782666	284820.185151		283533.305072
3	711133749.381723	252583.756890		252583.756890
4	158847174.058594	242952.723414		242946.825327
5	828059916.732155	232243.091356		232231.983181
6	1026546623.051252	226466.635860		226308.048822
7	290302497.158116	223131.801237		223125.766766
8	1350007572.448552	219451.734795		219451.734795
9	300015490.299244	217987.535476		217970.043550
10	2783999784.685543	215258.956648		215258.956648
11	2515407249.765262	213883.904642		213871.120506
12	2842882573.539686	212854.044730		212730.550266
13	3507073685.534465	212114.018076		212045.700248
14	3342190820.385154	211591.671969		211537.771783
15	3841375120.079221	211123.903377		211121.927462
16	4268797331.956854	210898.555857		210833.665017
17	5398900659.548402	210736.700838		210636.169186
18	5939222343.415676	210599.769777		210498.201182
19	6235340216.368839	210467.729137		210383.219289
20	6133527829.616446	210378.344094		210289.339838
21	6790689521.327681	210261.930004		210211.713989
22	6931946957.478623	210187.488703		210146.712520
23	7067694282.728998	210125.762047		210091.199526
24	7177562419.871642	210069.691010		210044.115241
25	7723102320.817957	210015.920516		209997.809878
26	7900930074.260175	209972.972763		209958.698033
27	7697027556.837478	209938.267041		209923.800347
28	8044761464.133274	209903.493454		209891.377170
29	7560125651.368443	209876.362995		209861.166462
30	7924741144.277321	209845.662330		209835.259526
31	7713294821.932536	209823.092791		209812.125934
32	7442254596.175264	209804.361102		209794.825511
33	7462859940.387430	209788.971376		209780.818829
34	8169713666.283207	209772.592222		209767.892192
35	8246040413.574224	209759.757111		209755.463472
36	7844045411.139479	209749.671840		209744.799659
37	8440681092.126863	209737.811285		209734.708821
38	8663125361.823807	209727.201972		209724.580269
39	8778476516.741579	209716.172813		209713.724537
40	8262184466.901084	209705.026274		209701.430722
41	8838479992.101833	209690.776536		209688.015965
42	7796325407.788869	209681.072284		209675.106624
43	8129676669.143977	209667.307531		209662.866975
44	8117637444.223363	209655.974970		209651.774028
45	7585142996.366995	209647.731021		209642.437756
46	8092792863.961449	209637.663983		209634.495337
47	7740358741.609547	209631.203905		209627.533727
48	7741941525.127151	209624.744802		209621.735473
49	7794804203.597482	209619.240914		209616.602957
50	7723673308.520244	209614.487808		209612.142774
51	8014604898.260809	209610.061803		209608.266503
52	8473971224.777357	209605.835945		209604.671738
53	9310416626.872547	209601.301163		209600.511858
54	8608077945.656324	209597.111375		209595.808011
55	8573222856.255087	209592.024226		209590.580434
56	7992666924.966499	209587.659552		209585.455220
57	7695561165.940689	209583.400161		209580.920369
58	7318562842.235555	209579.890461		209577.538330
59	7317420221.310687	209576.739816		209574.840805
60	8006038170.164121	209573.518587		209572.425084
61	8084327243.516717	209571.087618		209570.097348
62	8146675204.998851	209568.748836		209567.837002
63	8072049573.689342	209566.537211		209565.612905
64	8213164819.727704	209564.238451		209563.404715
65	8133146110.885153	209562.104125		209561.256346
66	8148724150.151683	209560.093470		209559.331610
67	7452312589.470393	209558.717936		209557.671186
68	7321733601.217410	209557.266158		209556.373602
69	7224881872.164244	209556.115900		209555.349767
70	8178947245.984842	209554.817874		209554.437367
71	8131196734.735931	209553.961185		209553.595315
72	8628323908.418812	209553.033504		209552.771868
73	8890012154.794226	209552.117769		209551.887326
74	8729769603.808908	209551.195316		209550.923091
75	8726544095.550175	209550.171431		209549.891961
76	8772297984.405224	209548.980107		209548.683162
77	9012277525.283384	209547.524765		209547.227404
78	9011346657.484900	209545.743347		209545.404423
79	8945206817.752958	209543.599893		209543.163534
80	8053683209.496688	209541.852578		209540.965513
81	7801270268.241058	209540.060015		209539.067345
82	7910911241.751542	209538.312408		209537.534489
83	8113180834.882363	209536.833755		209536.252543
84	8304989721.781113	209535.601292		209535.164431
85	8180081726.067254	209534.645228		209534.243601
86	8525900319.595708	209533.705265		209533.420242
87	8422085677.418736	209532.934793		209532.644426
88	8204017950.503816	209532.235493		209531.938683
89	7996789256.152142	209531.619761		209531.320588
90	8210354416.250596	209530.996808		209530.763710
91	8459528753.314173	209530.429953		209530.239731
92	8547379761.807887	209529.907475		209529.735915
93	8288704080.423805	209529.471058		209529.291979
94	8505169358.997842	209529.037433		209528.899625
95	8643328507.972178	209528.659877		209528.544666
96	8789029774.265121	209528.309370		209528.212421
97	8660605929.952497	209528.000795		209527.901697
98	8466976505.242206	209527.721114		209527.622542
99	8486020840.787090	209527.459130		209527.371347
100	8451830476.460238	209527.223590		209527.144446
101	8514059304.076811	209527.004943		209526.933672
102	8253464574.592313	209526.814914		209526.739278
103	8011564957.250569	209526.647047		209526.566421
104	7957185321.052611	209526.486574		209526.415663
105	7936648886.608219	209526.350273		209526.286204
106	8004543714.304439	209526.227193		209526.176018
107	8129706627.073416	209526.124130		209526.082317
108	8501775170.134645	209526.027326		209525.998122
109	8928851889.024857	209525.937995		209525.915623
110	9044281905.232277	209525.851617		209525.830832
111	8683128283.673309	209525.774858		209525.748829
112	8625191246.824774	209525.697288		209525.672774
113	8830115532.882307	209525.620121		209525.598777
114	8870496297.951115	209525.545254		209525.525009
115	9047931102.824057	209525.466300		209525.446751
116	8979702112.542641	209525.384452		209525.363301
117	8935282622.174671	209525.296913		209525.272754
118	8848370897.827438	209525.204735		209525.178874
119	9114879550.830702	209525.102001		209525.078261
120	9501174937.142330	209524.985559		209524.965895
121	9250589208.864344	209524.867849		209524.841640
122	9439147768.293608	209524.728315		209524.704045
123	9516631809.996185	209524.564854		209524.538185
124	9406380540.983763	209524.363935		209524.332408
125	8618952590.644356	209524.164590		209524.100551
126	8387988707.462150	209523.936923		209523.858505
127	8062040983.144458	209523.727699		209523.625375
128	8322140026.110792	209523.483104		209523.398940
129	8434664741.853429	209523.259578		209523.179038
130	8519414285.056922	209523.035743		209522.961535
131	8492050548.235419	209522.830691		209522.757325
132	8406814036.530271	209522.634538		209522.563361
133	8449243475.666035	209522.451432		209522.387341
134	8256457424.861778	209522.291390		209522.226717
135	8613660966.404907	209522.126950		209522.078405
136	8534450336.315465	209521.983605		209521.934990
137	9103678145.978498	209521.821435		209521.785796
138	9049408785.511202	209521.662485		209521.623045
139	9664556630.751625	209521.459992		209521.428587
140	9336436455.911276	209521.245854		209521.202168
141	9624548624.201445	209520.965998		209520.923619
142	9024264321.169092	209520.674983		209520.609140
143	8729660978.790308	209520.351032		209520.261158
144	8598641134.370323	209520.014493		209519.916118
145	8148700736.890772	209519.717656		209519.573927
146	9090958223.765690	209519.302501		209519.226286
147	7820670351.813420	209519.074707		209518.898246
148	9230862736.088968	209518.633386		209518.567058
149	7689256004.515284	209518.443046		209518.272836
150	9199297468.254936	209518.033722		209517.972392
151	7795741641.572545	209517.855578		209517.718665
152	9108929345.657591	209517.509973		209517.451183
153	8202646890.602317	209517.317694		209517.221625
154	8945085466.668636	209517.032410		209516.970334
155	8531220509.260172	209516.824551		209516.751064
156	8467646839.614320	209516.599462		209516.521625
157	8765098295.183430	209516.376948		209516.319324
158	8070666771.403342	209516.206537		209516.119345
159	8913244174.335604	209515.985523		209515.939788
160	7656904832.399428	209515.869485		209515.778917
161	9180028862.961893	209515.659887		209515.627723
162	7709624639.509602	209515.567342		209515.493916
163	9410767481.032896	209515.381170		209515.355869
164	7841727379.138959	209515.297233		209515.235893
165	9625740989.469692	209515.122248		209515.101062
166	8427325233.117541	209515.019022		209514.974536
167	9478743023.486038	209514.848858		209514.823371
168	8714644837.377048	209514.720471		209514.680077
169	8789490308.140244	209514.561108		209514.518755
170	9216039801.443697	209514.391179		209514.360666
171	8392979749.682638	209514.243321		209514.185017
172	10070386256.864059	209514.008202		209513.990212
173	7917826417.008395	209513.871932		209513.780572
174	10395554963.685175	209513.548234		209513.532951
175	7383108973.287631	209513.443381		209513.299735
176	10067252720.261086	209513.057785		209513.034131
177	7600834111.077684	209512.926038		209512.798638
178	10334003643.033634	209512.521746		209512.500115
179	8874378152.729321	209512.255199		209512.183926
180	9945530778.339573	209511.765397		209511.731285
181	9041416590.402241	209511.275737		209511.203193
182	8045761935.551195	209510.771695		209510.601174
183	9083528879.866076	209510.011351		209509.920738
184	7270306249.516294	209509.658477		209509.297493
185	9148713164.520714	209508.711321		209508.599960
186	7831358366.252858	209508.239436		209507.982577
187	9146161011.685841	209507.348603		209507.212122
188	9669322135.669174	209506.441049		209506.361465
189	8715344068.471087	209505.264439		209505.035713
190	13358522682.701939	209503.157214		209503.157214
191	4454655087.165674	209501.968689		209501.955352
192	19973040784.048122	209499.853279		209499.608415
193	6985486837.573020	209499.375292		209497.935570
194	6234635025.351560	209497.055527		209497.051350
195	9184491311.471224	209496.273016		209496.057131
196	7860678792.840072	209495.731666		209495.373182
197	7865899803.962626	209495.060622		209494.703048
198	8586950089.892947	209494.374341		209494.207326
199	7981196387.388970	209493.990422		209493.772103
200	9930328300.470098	209493.397187		209493.340042
201	8171918912.091264	209493.137923		209492.977469
202	8611551521.743965	209492.772803		209492.671836
203	7732658510.616283	209492.570418		209492.429590
204	9243571391.083775	209492.245176		209492.191735
205	8481071938.912728	209492.050255		209491.968463
206	9304691879.697166	209491.794928		209491.747787
207	8780819346.293427	209491.592087		209491.525014
208	8719377166.622486	209491.375025		209491.306880
209	7414873143.033137	209491.258004		209491.146546
210	8428537160.196981	209491.061562		209491.010171
211	7774293356.262368	209490.961667		209490.899350
212	8520170019.914990	209490.836218		209490.800826
213	8368484282.855453	209490.749227		209490.715677
214	9181198977.052748	209490.652963		209490.633632
215	8597437484.403635	209490.582704		209490.556211
216	8649739368.993578	209490.508630		209490.485256
217	8776332447.571836	209490.438568		209490.418321
218	8256212838.919153	209490.383330		209490.358003
219	8585885040.158461	209490.321948		209490.303210
220	8921053986.600662	209490.264232		209490.249373
221	8893691852.530792	209490.211783		209490.197110
222	8829710369.956406	209490.163582		209490.149652
223	8650410122.845320	209490.119813		209490.105202
224	8343555542.526901	209490.082178		209490.066903
225	8662313198.027775	209490.043532		209490.032218
226	8135893391.677686	209490.016128		209490.002628
227	8403460115.440193	209489.987691		209489.978329
228	9552435526.442127	209489.956838		209489.952045
229	8085720774.262490	209489.939835		209489.929050
230	9144451086.285547	209489.911862		209489.906390
231	8026784594.628486	209489.896194		209489.886525
232	8869202538.822542	209489.873437		209489.868123
233	9368582544.027588	209489.852683		209489.848629
234	9057415978.417570	209489.833298		209489.828003
235	9410004069.704016	209489.811033		209489.806680
236	11968353711.728600	209489.775083		209489.774392
237	23834285688.252644	209489.659716		209489.657941
238	5606650831.378702	209489.282052		209489.280446
239	1492419774.148948	209489.076325		209489.071431
240	7530248372.112720	209488.758994		209488.166905
241	8828029418.947062	209487.391901		209487.093925
242	7984712284.846286	209486.512850		209486.038130
243	7619406704.218191	209485.716055		209485.229493
244	8183379141.900371	209484.847117		209484.564314
245	7760635742.258757	209484.342019		209484.056264
246	9422167773.184015	209483.647212		209483.548916
247	8499720665.202809	209483.234271		209483.058163
248	8333313900.521706	209482.792345		209482.615417
249	8705911859.943687	209482.315094		209482.179900
250	8694691182.628736	209481.918322		209481.796743
251	8399480623.186447	209481.572979		209481.436742
252	9010412147.641579	209481.158442		209481.062160
253	8835981733.622284	209480.790840		209480.684316
254	9561830282.824232	209480.357802		209480.290824
255	9131127132.432770	209479.988674		209479.899488
256	8248380285.053880	209479.690068		209479.544328
257	8069458397.049031	209479.374371		209479.229357
258	8487708877.126422	209479.051843		209478.950256
259	9257675695.022360	209478.731210		209478.670084
260	9232767522.923677	209478.449668		209478.386089
261	9783533943.565590	209478.103329		209478.055496
262	9113925742.685932	209477.776608		209477.693851
263	8954453639.098324	209477.362076		209477.260180
264	8066000524.404287	209477.061783		209476.895885
265	9014498984.238239	209476.636459		209476.554026
266	8263937785.883875	209476.370432		209476.242628
267	8521739193.093408	209476.055949		209475.955864
268	8281385400.773257	209475.797139		209475.686206
269	8506718882.981144	209475.540958		209475.460464
270	8686851174.535122	209475.320063		209475.254262
271	8133905921.640496	209475.156335		209475.076472
272	8631098475.772095	209474.969811		209474.916686
273	8222856419.169820	209474.835408		209474.775050
274	8425185531.108853	209474.703350		209474.659100
275	8524195778.220518	209474.590533		209474.552662
276	8365852733.064392	209474.497478		209474.461445
277	8840093832.196058	209474.397471		209474.371391
278	8181868333.843672	209474.329583		209474.296618
279	8397607164.804692	209474.256231		209474.230949
280	8162738634.137113	209474.200529		209474.175765
281	8306618947.842985	209474.148026		209474.128796
282	8410068164.832741	209474.104183		209474.088767
283	8682212370.338264	209474.062926		209474.050597
284	8766162041.529446	209474.026917		209474.016450
285	7877311464.564812	209474.003328		209473.988539
286	8537218435.788711	209473.972765		209473.964133
287	8656636428.713711	209473.948839		209473.941417
288	8643985591.047697	209473.927755		209473.921014
289	9057182420.482723	209473.906135		209473.901105
290	8678256538.793436	209473.888233		209473.882064
291	8636769518.770601	209473.870136		209473.864207
292	8399077319.678900	209473.854395		209473.848225
293	8817482381.671673	209473.838291		209473.834129
294	8353499464.886680	209473.826567		209473.821602
295	8302807501.556699	209473.815372		209473.811076
296	8134737449.401058	209473.806311		209473.802362
297	8527974271.844030	209473.797451		209473.794755
298	8456794407.279076	209473.790617		209473.788173
299	8647589148.046158	209473.784177		209473.782219
300	8793494308.880587	209473.778257		209473.776557
301	8442928470.731115	209473.773395		209473.771508
302	8218358726.629107	209473.769064		209473.767218
303	8434612423.274062	209473.764875		209473.763467
304	8466869153.846694	209473.761457		209473.760282
305	8773907802.893547	209473.758301		209473.757438
306	8648460936.624168	209473.755575		209473.754659
307	8554504180.567682	209473.753064		209473.752210
308	8278342962.438547	209473.750971		209473.750093
309	8310347235.103889	209473.749066		209473.748364
310	8092201851.939056	209473.747612		209473.746961
311	8168606121.885327	209473.746316		209473.745803
312	8763349882.632618	209473.745057		209473.744728
313	8832522293.835377	209473.744038		209473.743753
314	8435151343.314850	209473.743192		209473.742854
315	8180503564.791216	209473.742437		209473.742110
316	8382207452.129205	209473.741711		209473.741458
317	8349515622.133505	209473.741124		209473.740904
318	8636225303.122574	209473.740583		209473.740424
319	7947643853.610747	209473.740230		209473.740031
320	8248341633.139623	209473.739843		209473.739705
321	8484811876.395768	209473.739530		209473.739430
322	8874183688.921732	209473.739238		209473.739162
323	8673909991.427366	209473.738999		209473.738921
324	9102723925.996614	209473.738734		209473.738673
325	8289371865.972243	209473.738543		209473.738452
326	8806457031.222107	209473.738309		209473.738248
327	8278839988.883334	209473.738145		209473.738073
328	8333914937.340880	209473.737985		209473.737927
329	8812186518.468781	209473.737835		209473.737796
330	9108316631.972311	209473.737693		209473.737660
331	8203128947.615428	209473.737594		209473.737543
332	9174213932.339151	209473.737454		209473.737427
333	8716570141.294065	209473.737353		209473.737320
334	8484538527.216825	209473.737259		209473.737224
335	8325326269.261657	209473.737173		209473.737140
336	8443403627.795161	209473.737093		209473.737065
337	8365453119.604201	209473.737026		209473.737001
338	8207983549.266865	209473.736972		209473.736950
339	8022032965.058710	209473.736928		209473.736909
340	8423627102.635453	209473.736887		209473.736873
341	8453972183.574410	209473.736853		209473.736842
342	8456494199.424459	209473.736825		209473.736815
343	8366820272.940241	209473.736801		209473.736792
344	8312190171.346869	209473.736780		209473.736772
345	8846619832.175980	209473.736759		209473.736753
346	8447877424.373528	209473.736743		209473.736737
347	8892366613.091593	209473.736726		209473.736721
348	8512122196.518453	209473.736712		209473.736707
349	8426114339.023755	209473.736699		209473.736695
350	8091856036.768767	209473.736689		209473.736684
351	8287983003.949044	209473.736680		209473.736676
352	8312498820.963278	209473.736672		209473.736669
353	8380318603.737807	209473.736665		209473.736663
354	8431369590.021329	209473.736660		209473.736658
355	8575742198.814595	209473.736655		209473.736653
356	8470057380.774362	209473.736651		209473.736649
357	8829410391.056738	209473.736646		209473.736645
358	8279782531.255462	209473.736643		209473.736642
359	8293005030.229062	209473.736640		209473.736639
360	8229990414.265440	209473.736638		209473.736637
361	8359878029.280095	209473.736635		209473.736635
362	8231253050.699533	209473.736634		209473.736633
363	8554202606.452678	209473.736632		209473.736632
364	8151912244.369939	209473.736631		209473.736630
365	8326899977.605972	209473.736630		209473.736629
366	8354407297.821109	209473.736629		209473.736628
367	8593406850.125498	209473.736628		209473.736628
368	8349176380.120367	209473.736627		209473.736627
369	8775040095.680387	209473.736626		209473.736626
370	8037952440.844159	209473.736626		209473.736626
371	9002584816.103531	209473.736625		209473.736625
372	8226449180.596567	209473.736625		209473.736625
373	8708815892.983576	209473.736625		209473.736624
374	8548410549.390644	209473.736624		209473.736624
375	8558976915.788640	209473.736624		209473.736624
376	8373010199.603722	209473.736624		209473.736624
377	8935987143.151848	209473.736623		209473.736623
378	8435088391.839279	209473.736623		209473.736623
379	8958864431.618502	209473.736623		209473.736623
380	8490057260.561008	209473.736623		209473.736623
381	8761499837.485958	209473.736623		209473.736622
382	9252691190.298649	209473.736622		209473.736622
383	8494462849.103092	209473.736622		209473.736622
384	8575839221.916088	209473.736622		209473.736622
385	8533717691.593784	209473.736622		209473.736622
386	8056862204.443077	209473.736622		209473.736622
387	8600151610.943584	209473.736622		209473.736622
388	7946518739.307953	209473.736622		209473.736622
389	8667024751.556698	209473.736621		209473.736621
390	8284334016.285933	209473.736621		209473.736621
391	8259266019.008809	209473.736621		209473.736621
392	8041777286.077914	209473.736621		209473.736621
393	8737071841.630199	209473.736621		209473.736621
394	8007390839.140993	209473.736621		209473.736621
395	9053297299.695791	209473.736621		209473.736621
396	8313441604.744708	209473.736621		209473.736621
397	8660436750.687344	209473.736621		209473.736621
398	8271628360.880385	209473.736621		209473.736621
399	8559216932.492571	209473.736621		209473.736621
400	8665977420.278057	209473.736621		209473.736621
401	8526486210.516795	209473.736621		209473.736621
402	8350121148.118406	209473.736621		209473.736621
403	8373901062.848424	209473.736621		20940.797038	-0.599563	0.072485	
-0.233832	-0.581516	0.779206	
-0.493382	-0.584038	0.644573	
0.204528	-0.954851	0.215473	
0.923066	0.115476	0.366898	
0.866421	-0.333568	0.371547	
0.475153	-0.837466	0.269964	
-0.796279	-0.434588	-0.420801	
-0.818575	-0.573805	-0.026148	
0.842858	0.394675	0.365817	
0.765724	0.240721	-0.596423	
-0.810609	0.585244	0.020061	
0.534431	-0.441756	0.720580	
0.045306	-0.963020	0.265593	
-0.898985	-0.415749	-0.137761	
-0.105760	-0.763054	-0.637623	
-0.166319	0.286486	0.943538	
-0.517783	0.461699	0.720232	
0.318578	0.288342	0.902977	
-0.362780	0.685083	0.631705	
-0.053454	0.847988	-0.527314	
0.773113	-0.478926	-0.415845	
0.105565	0.875487	-0.471570	
0.502448	0.382544	0.775375	
0.280513	-0.451567	-0.846994	
0.442101	-0.320594	-0.837715	
0.132998	0.661641	0.737931	
-0.648542	0.434922	-0.624689	
-0.860133	0.469848	-0.198528	
0.208058	0.828918	-0.519236	
0.430933	0.900688	-0.055301	
0.959587	-0.247096	-0.134675	
-0.229816	0.326319	0.916897	
0.687707	-0.630922	-0.359160	
-0.301241	-0.278615	0.911936	
-0.198204	-0.534451	0.821631	
-0.952004	-0.201248	-0.230625	
-0.704938	0.588298	-0.396193	
-0.834972	-0.038145	-0.548969	
-0.396554	0.338001	0.853522	
-0.403966	-0.618975	-0.673559	
0.840844	-0.458383	0.287863	
0.517274	0.481877	-0.707264	
0.955346	-0.246000	0.163702	
-0.490710	-0.209707	0.845711	
-0.072717	0.081232	0.994039	
-0.812652	-0.582711	0.006706	
0.813264	-0.031543	-0.581039	
0.183848	-0.828387	0.529127	
0.235017	0.707613	0.666372	
-0.231316	-0.961097	-0.150950	
-0.368583	-0.553864	0.746579	
-0.050493	0.613156	0.788347	
0.541727	0.633897	-0.552002	
0.631531	0.737868	0.238156	
0.549501	0.066569	0.832837	
-0.774383	0.620694	0.122761	
-0.283978	0.908174	-0.307533	
-0.388515	0.154178	0.908452	
-0.771119	0.130585	-0.623156	
-0.231044	-0.948700	-0.215839	
-0.799775	-0.130669	-0.585906	
0.813721	0.035352	-0.580179	
-0.948547	-0.285893	0.136102	
-0.467375	-0.759483	-0.452489	
-0.995093	0.032773	0.093359	
0.941389	0.179977	0.285299	
-0.003575	0.213377	0.976963	
-0.148284	0.113926	-0.982361	
0.154060	-0.134163	0.978911	
0.124897	-0.801266	-0.585127	
-0.922487	-0.046652	0.383198	
0.956544	-0.217444	0.194273	
0.486452	0.494337	0.720413	
0.633636	-0.051197	-0.771936	
0.756773	0.248158	0.604741	
0.468489	0.067108	-0.880917	
0.658931	-0.625026	-0.418513	
-0.756773	-0.646819	-0.094444	
0.079278	0.691630	0.717888	
0.896357	-0.425081	0.125896	
0.941130	-0.338000	0.005500	
0.425893	-0.877413	0.220821	
-0.328196	0.891606	0.311970	
-0.570810	-0.372317	-0.731817	
0.413268	0.763694	0.495965	
-0.379267	-0.482916	-0.789271	
0.558259	0.820651	0.121978	
0.793600	-0.195818	-0.576068	
-0.806439	-0.591290	-0.005652	
-0.998152	0.004057	-0.060626	
0.869818	-0.046283	-0.491198	
0.942545	-0.197716	0.269292	
0.513241	0.416895	-0.750188	
-0.141074	-0.201869	0.969199	
0.508530	0.138943	-0.849760	
0.324311	-0.789918	-0.520433	
0.766776	-0.467145	0.440260	
0.255239	-0.476896	-0.841084	
-0.053954	-0.668591	0.741671	
-0.272635	0.812715	0.514942	
0.373396	0.871846	0.316953	
-0.392788	0.412494	-0.821929	
-0.912634	-0.124474	0.389364	
-0.241776	0.496943	0.833422	
0.255544	-0.756952	0.601432	
-0.144989	0.882531	0.447344	
-0.218347	0.952972	0.210164	
0.101862	-0.905798	-0.411284	
0.148079	0.515857	-0.843780	
0.315369	0.833020	0.454555	
0.222975	0.860051	-0.458907	
0.327264	-0.451868	-0.829888	
-0.722789	0.579934	0.375836	
-0.874659	-0.219940	0.431970	
-0.532010	-0.808082	0.252921	
0.997350	-0.071295	-0.014501	
0.745408	-0.211732	0.632090	
-0.538361	-0.798904	0.268178	
0.615187	0.778003	-0.127498	
-0.149344	0.791809	0.592228	
-0.332797	-0.546383	-0.768578	
-0.351814	0.197462	-0.915006	
0.694386	0.467073	0.547422	
-0.368134	0.802502	0.469541	
0.778197	0.356793	-0.516825	
0.253173	-0.966429	-0.043795	
0.175485	-0.974463	-0.140094	
-0.473946	0.646603	-0.597729	
0.164195	0.273770	-0.947676	
-0.597073	0.577927	0.556331	
0.123859	-0.991503	-0.039769	
0.022099	-0.522863	-0.852130	
0.227166	0.395148	-0.890086	
0.818399	-0.476407	0.321340	
-0.466527	-0.256211	0.846586	
0.806472	0.583868	-0.093280	
-0.690873	-0.174895	-0.701503	
-0.441498	-0.426141	0.789610	
-0.446701	0.222276	-0.866632	
0.360416	0.622012	-0.695127	
0.649111	-0.152994	0.745149	
0.962544	0.086265	0.257036	
0.517053	-0.002422	-0.855950	
0.649818	-0.456504	-0.607734	
-0.271677	0.960818	0.054963	
0.466600	-0.477038	-0.744795	
0.117123	0.600112	-0.791295	
0.236835	0.350620	0.906077	
0.368230	0.136744	0.919624	
-0.426867	-0.823551	0.373562	
-0.555408	0.809061	-0.192206	
-0.107412	0.112064	0.987879	
0.537126	-0.326443	0.777773	
-0.975616	-0.199368	-0.091792	
0.751393	-0.659661	0.016029	
-0.154394	-0.700069	0.697184	
0.403187	-0.538690	0.739766	
0.106588	0.973356	0.203018	
0.522674	0.296233	0.799411	
-0.435917	0.199577	0.877579	
-0.870417	-0.268969	0.412346	
-0.395978	0.858986	0.324569	
0.379718	-0.638772	-0.669167	
0.992783	0.032217	-0.115513	
0.889145	0.354583	-0.289296	
0.357104	-0.404647	0.841866	
-0.922703	-0.348883	-0.164013	
-0.418627	-0.403182	0.813754	
-0.098192	-0.918173	-0.383819	
0.013828	0.247373	-0.968822	
0.598674	0.800656	-0.023213	
-0.345789	-0.808365	-0.476420	
-0.488472	-0.026589	0.872174	
-0.067788	0.551631	0.831329	
0.015872	0.584944	0.810919	
0.281573	0.390780	0.876360	
0.912666	-0.063028	0.403818	
0.669019	-0.396900	-0.628397	
0.226061	-0.875037	0.428026	
-0.121850	-0.928136	0.351733	
0.794975	-0.505231	-0.335791	
0.928143	-0.101121	-0.358226	
-0.696894	-0.517095	-0.496941	
-0.976502	-0.202100	-0.074831	
-0.182365	0.290705	-0.939273	
0.430351	0.797417	0.422995	
-0.324837	-0.856363	-0.401401	
-0.710106	0.597217	-0.372936	
0.012029	0.580311	0.814306	
0.835224	-0.036779	0.548678	
-0.107021	0.463304	0.879713	
-0.600391	-0.245913	0.760959	
0.044131	-0.735526	-0.676057	
0.662068	-0.741556	-0.108447	
0.547701	0.420432	0.723368	
0.778683	0.623457	-0.070379	
0.463649	-0.800954	-0.378817	
0.758629	0.639042	-0.126913	
-0.164490	0.316128	0.934348	
-0.762750	-0.458459	-0.456101	
-0.387326	-0.449729	-0.804812	
0.751141	0.652587	0.099588	
-0.671620	0.568201	0.475473	
0.545924	-0.637545	-0.543602	
0.276626	-0.216162	0.936350	
-0.102916	-0.099736	-0.989677	
-0.579982	0.328262	0.745564	
0.389324	-0.662713	-0.639718	
-0.165716	0.836899	-0.521669	
0.607003	0.751374	-0.258813	
0.240858	0.464873	0.851986	
0.810432	-0.164116	0.562376	
0.363863	-0.851073	-0.378522	
0.835462	0.506027	0.214335	
0.241112	0.243719	-0.939397	
-0.644689	0.542612	0.538469	
0.806084	0.589438	-0.052831	
0.149933	-0.083795	-0.985139	
0.142899	-0.906968	0.396218	
-0.743565	0.202534	0.637253	
0.274785	-0.289409	0.916916	
-0.886673	0.204068	0.414930	
-0.245710	0.427663	-0.869903	
-0.727093	0.633146	-0.265447	
-0.220614	0.821101	-0.526424	
0.407581	0.669615	-0.620882	
0.922338	-0.130976	0.363506	
-0.082734	-0.993903	0.072881	
-0.119479	-0.901167	0.416680	
-0.104144	0.321527	-0.941156	
0.058286	0.857597	0.511010	
-0.396265	-0.443208	-0.804078	
0.214260	0.970551	-0.110105	
-0.731791	0.524082	-0.435683	
0.399501	0.505789	0.764576	
0.130731	-0.985441	-0.108698	
-0.829627	0.541929	0.134280	
0.694345	0.717172	0.059581	
-0.458181	-0.367791	-0.809197	
0.278841	0.782327	0.556967	
-0.946927	-0.321434	-0.003172	
0.817871	-0.447214	0.362058	
-0.781133	-0.563750	-0.268361	
0.191154	0.963165	0.189140	
-0.754584	0.259084	-0.602891	
0.396622	0.917981	-0.001450	
0.654340	0.669021	-0.352492	
-0.087086	-0.488014	0.868481	
-0.168963	-0.240494	-0.955832	
-0.761553	0.382282	0.523352	
-0.320146	0.787650	0.526417	
-0.382958	0.528726	-0.757491	
-0.651485	0.207523	0.729727	
0.965126	0.036799	-0.259188	
0.803729	0.376968	-0.460343	
0.192086	-0.953882	-0.230678	
0.219817	0.935216	0.277581	
-0.053464	-0.991665	0.117227	
-0.554972	0.597136	0.579167	
-0.937801	0.347154	0.003669	
0.669479	0.642927	0.372078	
0.913278	-0.387829	0.124550	
0.990222	-0.122862	0.066063	
-0.196584	0.774568	-0.601165	
0.990593	-0.072067	0.116327	
-0.219105	-0.007655	-0.975671	
-0.361851	-0.206407	-0.909098	
-0.471061	0.797981	-0.375937	
-0.798757	0.379128	0.467171	
-0.647792	0.757854	-0.077601	
-0.136575	0.990595	0.008276	
-0.512837	0.747382	0.422397	
0.329801	-0.849471	0.411861	
0.366703	0.488210	0.791947	
-0.381057	-0.192211	-0.904351	
-0.675128	-0.732237	-0.089615	
-0.380902	-0.385022	-0.840638	
0.450853	0.867397	-0.210604	
-0.390810	-0.632316	-0.668913	
-0.798776	0.582808	0.149304	
-0.226737	-0.037214	0.973245	
0.011167	0.533966	0.845432	
0.686588	-0.276755	-0.672312	
-0.170681	-0.878284	-0.446638	
0.494481	0.146926	0.856680	
0.254734	-0.196495	-0.946837	
-0.966301	0.221413	0.131297	
-0.957743	0.186345	0.219097	
-0.551072	0.777857	-0.302090	
-0.743788	-0.552839	-0.375697	
-0.762612	0.506102	0.402846	
-0.041198	0.576989	0.815712	
-0.374223	-0.373377	-0.848850	
-0.808272	0.351619	0.472293	
0.513277	0.115929	0.850357	
-0.930584	-0.219378	0.293063	
0.905659	0.044594	-0.421656	
0.495775	0.539533	0.680523	
-0.745000	0.134419	-0.653381	
-0.937577	0.142765	-0.317125	
-0.356044	-0.640992	0.679972	
-0.707239	-0.252220	0.660453	
0.705057	-0.625323	0.334463	
0.029361	-0.949833	-0.311377	
-0.352860	0.873925	-0.334282	
-0.639340	0.571764	0.514130	
0.940759	-0.327641	0.087315	
0.070457	0.698312	0.712318	
0.171959	0.605331	0.777177	
-0.561282	-0.531636	-0.634292	
-0.829022	0.236071	0.506944	
0.371160	-0.088675	-0.924325	
-0.977035	-0.000827	0.213076	
0.506940	-0.672805	0.538837	
0.803834	0.291273	-0.518663	
-0.828277	0.541609	0.143587	
0.675946	-0.164674	0.718317	
0.474279	0.014146	0.880261	
-0.814251	0.501887	-0.291728	
-0.436442	0.844642	0.309997	
0.281564	-0.509908	-0.812844	
0.147097	-0.908203	0.391828	
-0.611694	-0.383827	0.691742	
-0.223642	-0.968584	0.108762	
-0.816130	-0.252874	-0.519602	
-0.301099	-0.904486	-0.302066	
-0.286315	-0.427604	-0.857426	
0.164353	-0.114982	0.979677	
-0.756980	-0.472736	-0.451112	
0.429275	0.180690	-0.884915	
-0.847975	0.502435	-0.168813	
0.717255	0.352451	0.601102	
0.842988	-0.208692	0.495802	
0.772380	0.078891	-0.630242	
-0.345835	0.938284	0.004743	
-0.455605	0.407681	-0.791341	
-0.205024	-0.792579	-0.574268	
-0.415242	-0.844544	0.338112	
0.385266	-0.916346	-0.108999	
0.260032	0.360042	-0.895965	
0.750964	0.605778	0.262841	
0.736025	-0.314950	0.599227	
-0.401084	-0.508985	0.761621	
0.655914	0.754524	-0.021670	
0.986732	0.083254	0.139389	
0.618408	0.331468	-0.712531	
0.952282	-0.207208	-0.224108	
-0.702734	-0.665388	0.251842	
0.649900	-0.753688	-0.097895	
-0.454997	-0.607516	-0.651077	
-0.088700	-0.452612	-0.887285	
0.064344	0.900653	0.429748	
-0.406945	0.449210	0.795365	
0.842662	0.390565	-0.370648	
0.033652	0.481193	0.875968	
0.439915	0.006574	0.898015	
0.052882	0.801267	0.595966	
-0.128365	0.535309	-0.834845	
-0.426443	0.903098	0.050606	
-0.100454	-0.986203	-0.131578	
0.295445	0.702503	-0.647458	
-0.359879	0.745765	-0.560644	
-0.743190	0.302412	0.596838	
-0.167749	-0.929204	-0.329302	
0.963219	-0.172029	-0.206433	
0.667584	-0.459209	-0.586053	
0.505929	-0.112904	0.855154	
0.631355	-0.065359	-0.772734	
0.879783	-0.135426	-0.455678	
-0.519224	-0.612065	-0.596475	
-0.008205	0.931266	-0.364248	
-0.559930	0.230915	-0.795711	
0.214395	-0.011423	0.976680	
0.345236	0.911972	0.221629	
0.379161	0.018935	-0.925137	
0.496589	0.080640	0.864232	
0.058448	-0.594680	0.801835	
0.766170	-0.621523	0.163379	
-0.302240	-0.905309	-0.298439	
0.457878	0.239494	0.856149	
-0.736053	-0.512752	0.441941	
-0.222075	0.216833	0.950613	
0.508452	-0.145377	-0.848730	
0.085998	-0.985758	0.144516	
-0.960195	-0.266581	0.083431	
0.724501	-0.451533	-0.520785	
-0.932897	-0.359815	0.015339	
0.293291	-0.646889	-0.703928	
-0.544262	0.015160	-0.838778	
0.917984	-0.061623	-0.391801	
0.167645	0.538535	-0.825757	
0.856384	-0.421226	-0.298623	
0.943934	0.201213	0.261728	
0.495307	0.244053	-0.833732	
-0.205141	-0.914397	-0.348992	
-0.633007	0.740520	0.225681	
0.553169	0.091078	0.828075	
0.018149	-0.030351	-0.999375	
0.360157	0.872982	0.328922	
-0.755052	-0.324777	0.569575	
0.816148	0.047662	-0.575874	
0.509790	0.773681	-0.376208	
-0.450020	0.892573	0.028208	
0.873150	0.026390	-0.486737	
-0.686793	-0.407036	-0.602194	
-0.206128	-0.562137	-0.800945	
-0.983272	0.071441	0.167549	
0.440080	0.081876	0.894218	
-0.836973	0.122250	-0.533414	
-0.372770	-0.250932	0.893351	
-0.234442	-0.818767	0.524077	
-0.553153	-0.733654	0.394682	
-0.505973	0.284419	-0.814308	
0.496183	-0.672369	-0.549293	
0.956751	-0.150591	-0.248898	
0.039631	0.952905	-0.300667	
-0.157141	0.770984	-0.617163	
-0.443237	-0.483783	0.754649	
0.912427	0.394170	0.110032	
0.852226	0.365835	-0.373999	
-0.794450	0.250878	-0.553090	
-0.981330	-0.129629	0.142082	
0.588345	0.568640	0.574890	
-0.376023	-0.915442	-0.143432	
0.138442	-0.475627	-0.868684	
-0.754526	-0.357234	-0.550522	
-0.243508	0.945336	0.216896	
-0.105966	-0.953529	0.282053	
-0.230588	0.970045	0.076429	
-0.914200	-0.261069	-0.309970	
0.845753	-0.222029	0.485186	
0.630615	0.134215	-0.764402	
0.662414	-0.705507	0.251927	
-0.599068	0.592959	0.538067	
-0.597798	-0.764125	0.242385	
0.045692	0.937504	0.344961	
0.319387	0.648611	0.690866	
-0.395244	0.648669	0.650392	
0.172906	-0.353382	-0.919361	
-0.914271	-0.318198	-0.250716	
-0.656721	-0.189118	-0.730036	
0.363472	-0.177095	-0.914618	
0.601244	-0.160566	-0.782767	
-0.765738	-0.331783	-0.550968	
-0.617027	0.331842	0.713554	
-0.539318	0.007514	-0.842068	
-0.728125	0.621303	0.289512	
0.894325	0.371306	-0.249629	
0.386502	-0.582121	0.715368	
-0.356332	0.844039	-0.400782	
-0.674389	0.631984	-0.381832	
-0.054887	-0.927682	-0.369316	
-0.206676	-0.841064	-0.499896	
-0.538034	-0.658674	0.525993	
-0.295339	-0.870980	-0.392642	
0.663832	0.729714	0.163842	
0.442051	-0.508744	-0.738763	
-0.154997	-0.034534	-0.987311	
0.290598	0.849422	0.440494	
-0.592911	-0.789080	-0.160650	
0.066552	0.934679	-0.349208	
-0.957954	0.286870	0.005418	
-0.709467	-0.564233	-0.422253	
0.474247	-0.874317	-0.103241	
-0.615462	-0.356328	-0.703020	
-0.199263	-0.696780	-0.689051	
0.170154	0.951395	0.256700	
0.630838	0.037446	0.775010	
0.773328	0.265155	0.575897	
-0.467181	-0.045489	-0.882991	
0.563733	-0.650801	0.508590	
0.646448	-0.279075	-0.710086	
0.443210	-0.603016	-0.663277	
-0.770753	0.601013	-0.211477	
-0.449123	-0.627347	0.636179	
-0.932336	0.278180	-0.231011	
-0.697019	0.153859	-0.700352	
0.016221	-0.763849	-0.645191	
-0.613926	-0.697807	-0.368999	
0.477344	-0.133309	-0.868546	
0.982078	0.188192	-0.010324	
0.551045	0.143594	0.822028	
0.582694	0.507332	0.634887	
0.902679	-0.394903	-0.170947	
-0.003330	0.115767	-0.993271	
-0.884345	0.435595	0.167903	
-0.425041	0.662821	-0.616448	
0.439137	0.097342	0.893131	
0.612421	0.790069	0.027047	
-0.595596	-0.723399	0.349227	
0.971007	-0.146207	0.189127	
-0.240081	0.441008	-0.864796	
-0.370692	-0.567677	0.735072	
0.796672	-0.499101	0.340900	
0.153991	0.987873	0.019821	
-0.503204	0.587124	0.634091	
0.621639	0.595999	-0.508282	
0.431866	-0.216336	-0.875609	
0.898973	0.272881	0.342614	
0	62966.776975	560258.822161		555913.791416
1	6546538.479721	379838.107060		379333.787441
2	31232336.242739	334720.199673		332196.429059
3	457317628.755673	267337.857183		267279.408386
4	249524265.695084	253232.678643		253228.635315
5	248227339.086869	244553.499865		244492.367569
6	415652039.614025	236046.072620		236024.234872
7	375615751.678842	231396.241969		231305.511474
8	1188592308.796142	225283.609376		225224.228659
9	108496505.291235	223997.368390		223955.267937
10	760631444.713897	221057.849429		221057.849429
11	1014073840.263629	218617.423552		218536.373640
12	2067273614.610582	215998.596394		215981.024395
13	3338146121.638992	214079.037593		214007.662091
14	3241524680.952179	212924.573980		212887.706191
15	3607327302.689704	212023.149382		212020.760220
16	4873516678.349858	211409.000679		211404.508919
17	4988951824.994791	211130.649471		211035.204437
18	5304086101.333161	210965.515511		210793.656116
19	5964553015.509487	210670.313386		210608.976775
20	6091176344.269519	210569.364404		210474.650342
21	6536502317.386117	210437.632411		210367.576554
22	7044825691.176922	210317.609022		210272.020684
23	6839579564.319297	210239.535387		210191.908580
24	7351168250.458045	210158.124203		210124.954474
25	7306838495.715918	210097.181601		210067.566958
26	7322821553.943892	210041.795949		210015.116771
27	7336233715.545159	209993.475651		209970.758991
28	7305411441.616297	209954.290281		209934.314896
29	7845507498.436519	209915.146313		209903.060088
30	7985731088.405304	209884.974679		209874.688326
31	7696272763.041699	209861.788403		209850.573089
32	7643543212.705199	209840.743509		209830.725713
33	8041465044.904218	209821.104632		209814.068075
34	8235697342.434128	209804.576720		209799.064454
35	7785242231.759618	209792.806145		209786.818458
36	8307502874.760791	209779.588121		209775.881134
37	8439185715.210707	209769.146910		209765.742003
38	8920812324.276640	209757.249819		209755.159865
39	8305314680.150089	209747.505774		209744.166900
40	8113254962.258340	209737.238740		209734.195805
41	7617046521.750790	209730.226570		209725.207919
42	7760579459.158723	209720.721100		209717.318164
43	8437786427.538066	209711.491449		209708.708126
44	8199473086.665988	209702.109628		209699.517387
45	7700979843.111741	209694.887228		209690.344502
46	8697204100.739708	209683.938100		209681.642840
47	7348312308.325836	209679.062125		209674.177000
48	8516690872.518507	209669.465337		209667.224203
49	7699486058.992104	209664.512405		209661.508973
50	8191580266.331901	209658.160329		209656.131051
51	7953028533.963579	209653.845222		209651.722422
52	8165090243.758689	209649.043891		209647.349636
53	8770957958.989258	209644.136164		209642.991856
54	8036252310.107006	209640.224296		209638.390457
55	7734020120.506194	209636.437506		209634.444847
56	8063984546.137418	209632.312862		209630.721183
57	8105124880.221784	209628.827022		209627.450755
58	8350455217.886408	209625.573090		209624.452228
59	8778522902.803667	209622.142354		209621.318691
60	8691759486.384184	209618.799553		209617.929749
61	8931633841.121506	209614.570152		209613.872456
62	8930548547.726200	209609.882411		209609.113269
63	8316059478.621185	209605.219745		209603.806680
64	7771826917.119756	209600.730199		209598.648306
65	7520967351.717710	209596.242036		209593.974630
66	8300492500.934716	209590.487417		209589.235607
67	8362676645.673105	209585.775262		209584.242177
68	8224937036.684738	209580.449532		209578.998994
69	8548493298.776916	209575.587595		209574.181228
70	6640767096.852148	209570.961394		209570.961388
71	8447295255.562330	209569.234100		209568.346503
72	7739702630.410850	209567.391963		209566.315342
73	7967453994.685781	209565.333380		209564.454073
74	9458198258.339884	209563.080704		209562.795973
75	8043154064.657214	209561.886937		209561.160293
76	9960631574.364319	209559.512308		209559.312308
77	8730058104.925133	209557.677353		209557.170191
78	8986814570.121708	209554.691004		209554.323955
79	8392074250.411960	209552.466668		209551.723081
80	6710016936.847418	209551.710463		209549.953574
81	8831033033.034695	209548.784165		209548.350756
82	8470595978.055005	20